Communities:
Community 1: [5, 9, 13, 19, 25, 26, 29, 30, 33, 38, 44, 46, 49, 56, 63, 71, 74, 75, 83, 97, 99, 102, 112, 116, 118, 120, 121, 124, 107, 114, 110, 137, 126, 150, 155, 159, 160, 162, 171, 173, 175, 177, 178, 179, 181, 77, 200, 148, 217, 140, 156, 194, 237, 245, 247, 248, 249, 228, 229, 163, 210, 265, 266, 271, 273, 274, 278, 275, 283, 287, 295, 213, 296, 298, 303, 313, 321, 323, 153, 318, 332, 342, 235, 264, 304, 345, 351, 360, 363, 168, 185, 305, 353, 362, 377, 379, 230, 253, 391, 396, 401, 203, 389, 415, 416, 421, 334, 338, 367, 382, 412, 424, 434, 199, 209, 223, 231, 398, 441, 445, 446, 451, 452, 456, 238, 258, 260, 419, 465, 472, 482]
Community 2: [29, 44, 56, 26, 65, 38, 25, 74, 110, 114, 129, 19, 124, 150, 157, 169, 166, 86, 209, 63, 117, 170, 179, 223, 71, 77, 97, 251, 149, 203, 224, 264, 296, 134, 240, 49, 317, 325, 83, 178, 267, 283, 307, 99, 168, 347, 365, 238, 375, 380, 148, 210, 231, 302, 393, 400, 404, 405, 33, 92, 334, 358, 312, 321, 338, 470]
Community 3: [38, 65, 29, 77, 81, 86, 92, 46, 104, 19, 5, 134, 99, 149, 141, 157, 44, 177, 71, 109, 49, 126, 235, 250, 213, 253, 263, 117, 194, 230, 240, 112, 236, 248, 288, 297, 146, 229, 228, 333, 336, 337, 13, 148, 181, 185, 343, 348, 349, 56, 150, 274, 358, 369, 276, 392, 395, 318, 330, 357, 413, 313, 423, 425, 430, 159, 393, 440, 447, 449, 367, 405, 480, 484]
Community 4: [109, 13, 63, 86, 30, 81, 107, 19, 118, 5, 166, 77, 29, 173, 112, 210, 213, 215, 240, 177, 272, 110, 263, 273, 270, 300, 203, 217, 146, 319, 323, 337, 389, 286, 380, 178, 231, 258, 302, 448, 457, 230, 403, 416, 453, 464, 469]
Community 5: [33, 117, 97, 126, 140, 141, 163, 30, 185, 199, 203, 206, 224, 229, 120, 146, 245, 271, 292, 112, 223, 263, 320, 295, 201, 265, 294, 385, 162, 190, 321, 429, 435, 436, 56, 74, 399, 473]
Community 6: [75, 46, 133, 148, 63, 134, 140, 217, 258, 276, 136, 210, 65, 270, 312, 316, 223, 271, 330, 341, 267, 358, 323, 179, 206, 342, 398, 399, 97, 466, 475, 479]
Community 7: [75, 129, 107, 102, 136, 146, 153, 120, 140, 168, 71, 190, 13, 177, 220, 29, 86, 133, 234, 235, 268, 185, 285, 311, 264, 290, 260, 336, 357, 118, 364, 367, 372, 420, 181, 386, 440, 442, 458, 63, 229, 231, 319, 468, 483]
Community 8: [104, 25, 33, 109, 26, 156, 13, 201, 129, 81, 294, 257, 340, 237, 133, 354, 403, 185, 110, 249, 317, 255, 436]
Community 9: [13, 170, 118, 109, 169, 26, 146, 99, 196, 157, 230, 86, 197, 215, 270, 286, 9, 124, 77, 179, 328, 229, 333, 346, 175, 258, 402, 414, 316, 33, 163, 206, 474]
Community 10: [56, 86, 133, 63, 156, 118, 153, 97, 107, 252, 302, 304, 301, 160, 234, 362, 38, 199, 270, 410, 412, 415, 427, 295, 444, 26]
Community 11: [178, 86, 197, 114, 5, 97, 71, 162, 166, 194, 228, 238, 13, 38, 49, 260, 160, 235, 266, 282, 107, 319, 134, 317, 65, 354, 355, 278, 381, 33, 249, 411, 433, 201, 349, 385, 461]
Community 12: [148, 109, 81, 97, 126, 44, 124, 210, 236, 250, 75, 77, 267, 185, 326, 334, 19, 274, 278, 344, 353, 362, 196, 234, 402, 118, 295, 477]
Community 13: [44, 118, 194, 153, 83, 126, 216, 231, 255, 275, 163, 307, 271, 74, 386, 415]
Community 14: [38, 238, 236, 240, 104, 92, 118, 159, 177, 179, 257, 140, 290, 309, 248, 173, 303, 338, 271, 245, 260, 300, 320, 376, 386, 397, 65, 99, 387, 5, 74, 393, 439, 247, 459, 86, 462, 467]
Community 15: [121, 238, 163, 129, 49, 99, 229, 234, 305, 273, 417]
Community 16: [237, 116, 155, 185, 272, 9, 258, 197, 273, 318, 252, 382, 383, 49, 120, 311, 409, 71, 453]
Community 17: [220, 26, 92, 301, 290, 163, 234, 107, 224, 394, 431, 271, 425, 217, 235]
Community 18: [288, 173, 307, 99, 282, 75, 276, 304, 309, 166, 364, 116, 407, 422, 169, 224, 230, 237, 301, 481]
Community 19: [312, 271, 238, 19, 319, 283, 121, 333, 190, 387, 419, 432]
Community 20: [271, 267, 216, 129, 298, 342, 162, 268, 251, 371, 417, 140, 426, 285, 471]
Community 21: [213, 150, 110, 120, 107, 240, 206, 358, 236, 5, 270, 389, 450]
Community 22: [351, 360, 347, 97, 265, 336, 248, 300, 99, 266, 307, 363]
Community 23: [297, 121, 305, 278, 332, 63, 424, 86, 179, 181, 230, 431, 463]
Community 24: [393, 153, 320, 309, 340, 249, 385, 367, 478]
Community 25: [330, 260, 416, 345, 298, 206, 235, 159, 340, 476, 401]


Edges:
Node 5 : [9, 13, 19, 25, 26, 29, 33, 30, 38, 46, 44, 49, 56, 63, 71, 75, 74, 99, 112, 86, 77, 92, 104, 81, 107, 124, 134, 65, 114, 110, 109, 83, 116, 121, 137, 166, 141, 173, 197, 97, 150, 162, 178, 194, 179, 213, 148, 200, 215, 228, 126, 157, 235, 250, 263, 238, 160, 163, 175, 260, 272, 240, 253, 266, 282, 273, 274, 295, 297, 300, 270, 278, 313, 210, 287, 319, 296, 102, 217, 343, 153, 203, 288, 355, 248, 358, 206, 236, 120, 229, 275, 283, 363, 381, 389, 265, 149, 185, 330, 337, 354, 369, 413, 387, 338, 140, 177, 245, 247, 303, 318, 348, 349, 376, 386, 395, 397, 430, 433, 439, 357, 209, 223, 345, 367, 446, 393, 159, 146, 257, 258, 302, 403, 412, 419, 441, 450, 459]
Node 9 : [5, 13, 19, 25, 26, 29, 33, 30, 44, 49, 38, 56, 46, 71, 63, 83, 74, 75, 99, 102, 97, 116, 118, 112, 120, 107, 121, 159, 126, 173, 137, 160, 178, 177, 179, 181, 175, 162, 140, 247, 237, 245, 249, 150, 124, 110, 200, 271, 258, 155, 185, 272, 287, 270, 170, 286, 157, 197, 215, 265, 275, 283, 230, 196, 86, 146, 194, 318, 109, 169, 273, 298, 274, 296, 321, 332, 171, 229, 328, 153, 168, 252, 346, 382, 305, 313, 383, 203, 379, 414, 409, 163, 338, 367, 434, 311, 199, 304, 323, 333, 396, 441, 445, 453, 77, 402]
Node 13 : [5, 9, 19, 25, 26, 29, 30, 33, 44, 46, 56, 63, 49, 71, 74, 83, 75, 86, 81, 109, 107, 97, 137, 38, 116, 150, 170, 169, 118, 166, 173, 104, 124, 146, 77, 155, 171, 177, 102, 168, 110, 112, 153, 162, 190, 196, 200, 201, 148, 157, 213, 215, 230, 99, 210, 220, 234, 248, 129, 140, 160, 235, 120, 247, 268, 266, 282, 283, 285, 295, 294, 194, 156, 263, 287, 240, 286, 298, 114, 238, 197, 257, 260, 270, 274, 317, 342, 253, 134, 185, 229, 237, 265, 288, 297, 328, 333, 336, 346, 351, 357, 354, 250, 181, 175, 203, 228, 340, 345, 364, 337, 353, 65, 369, 133, 159, 258, 367, 377, 381, 389, 276, 92, 141, 321, 343, 355, 372, 380, 392, 401, 403, 149, 411, 231, 272, 313, 316, 323, 334, 179, 395, 217, 402, 433, 441, 236, 178, 420, 300, 304, 414, 440, 447, 448, 451, 453, 458, 472, 474, 480]
Node 19 : [13, 9, 5, 26, 25, 29, 33, 30, 44, 46, 38, 56, 71, 49, 63, 74, 99, 102, 75, 86, 77, 104, 92, 112, 118, 83, 121, 107, 109, 81, 114, 65, 120, 134, 110, 116, 129, 137, 149, 169, 124, 160, 177, 179, 157, 141, 159, 173, 200, 209, 213, 117, 150, 171, 175, 215, 166, 194, 250, 181, 223, 248, 224, 240, 264, 273, 296, 263, 288, 230, 249, 251, 303, 148, 300, 97, 156, 203, 275, 278, 337, 326, 238, 126, 312, 283, 319, 333, 344, 347, 353, 185, 190, 272, 305, 321, 325, 343, 334, 274, 170, 178, 236, 302, 336, 379, 271, 196, 234, 348, 357, 393, 405, 416, 419, 349, 146, 231, 267, 286, 362, 369, 401, 423, 168, 199, 228, 253, 258, 276, 380, 389, 391, 432, 447, 392, 358, 295, 338, 375, 402, 403, 424, 430, 434, 484]
Node 25 : [13, 5, 9, 26, 33, 19, 29, 30, 38, 44, 46, 56, 63, 49, 74, 71, 83, 99, 102, 114, 110, 118, 65, 116, 129, 104, 124, 156, 109, 112, 121, 150, 171, 97, 157, 159, 162, 166, 181, 137, 160, 178, 179, 209, 86, 170, 245, 117, 223, 229, 148, 201, 266, 271, 224, 175, 203, 283, 294, 81, 251, 77, 149, 240, 140, 264, 278, 296, 210, 340, 134, 200, 228, 237, 275, 332, 169, 247, 249, 265, 347, 365, 298, 126, 133, 168, 231, 354, 375, 380, 400, 75, 403, 238, 257, 318, 379, 401, 302, 317, 363, 389, 391, 404, 421, 434, 267, 338, 342, 345, 396, 415, 416, 273, 185, 303, 255]
Node 26 : [19, 13, 25, 5, 9, 30, 29, 38, 44, 46, 33, 49, 56, 65, 71, 97, 75, 74, 83, 110, 114, 116, 120, 109, 104, 156, 160, 118, 102, 150, 155, 169, 170, 146, 124, 166, 171, 196, 157, 201, 209, 223, 230, 179, 63, 99, 162, 175, 245, 249, 86, 129, 140, 173, 178, 197, 215, 228, 266, 81, 121, 203, 264, 296, 301, 163, 92, 213, 220, 251, 274, 286, 290, 294, 159, 240, 278, 325, 234, 237, 287, 298, 328, 342, 181, 107, 224, 229, 257, 313, 345, 346, 365, 77, 333, 340, 321, 258, 283, 403, 394, 303, 247, 275, 414, 317, 338, 379, 396, 402, 431, 133, 148, 210, 271, 312, 316, 400, 404, 416, 425, 304, 302, 252, 427, 217, 255, 270, 332, 354, 391, 452]
Node 29 : [13, 5, 33, 9, 19, 25, 26, 30, 38, 46, 44, 49, 56, 65, 71, 77, 81, 86, 74, 92, 102, 104, 110, 114, 112, 63, 129, 121, 149, 157, 141, 99, 124, 134, 155, 169, 107, 166, 177, 179, 118, 109, 116, 175, 200, 209, 210, 173, 148, 150, 162, 215, 153, 190, 170, 120, 234, 75, 136, 156, 248, 251, 168, 194, 213, 223, 240, 253, 263, 271, 268, 160, 181, 288, 295, 285, 97, 185, 250, 270, 220, 117, 249, 229, 264, 274, 321, 140, 235, 171, 267, 311, 333, 137, 146, 203, 283, 365, 273, 336, 272, 297, 343, 357, 369, 379, 347, 217, 276, 290, 319, 325, 367, 159, 304, 318, 332, 349, 364, 396, 405, 260, 358, 345, 434, 348, 400, 442, 449, 307, 447, 337, 313, 286, 312, 395, 423, 468, 470, 483]
Node 30 : [13, 26, 33, 25, 19, 29, 5, 38, 46, 9, 49, 44, 56, 71, 75, 63, 83, 102, 109, 86, 99, 107, 81, 116, 120, 121, 112, 114, 118, 74, 160, 155, 159, 126, 141, 77, 117, 140, 163, 97, 173, 181, 199, 166, 124, 171, 175, 203, 185, 177, 210, 146, 224, 245, 213, 249, 237, 272, 273, 110, 148, 265, 292, 200, 248, 263, 266, 298, 137, 223, 300, 150, 229, 320, 321, 215, 217, 323, 240, 296, 345, 363, 271, 253, 389, 385, 294, 295, 332, 377, 304, 319, 342, 429, 287, 206, 270, 396, 178, 201, 228, 448, 452, 456, 380, 168, 230, 260, 337, 353, 379, 403]
Node 33 : [25, 29, 13, 19, 30, 9, 5, 26, 38, 44, 46, 49, 56, 71, 74, 75, 117, 114, 126, 97, 83, 141, 104, 109, 110, 156, 140, 155, 159, 160, 163, 112, 118, 137, 63, 121, 185, 199, 201, 181, 129, 206, 217, 203, 146, 148, 224, 229, 247, 194, 171, 173, 116, 120, 228, 237, 266, 278, 162, 271, 292, 294, 107, 81, 265, 223, 245, 257, 213, 249, 295, 296, 340, 323, 168, 175, 200, 273, 354, 178, 381, 260, 77, 235, 321, 134, 393, 240, 133, 169, 209, 282, 287, 305, 317, 355, 365, 375, 385, 403, 405, 411, 264, 433, 434, 435, 86, 170, 197, 149, 328, 333, 414, 316, 157, 255, 283, 360, 380, 404, 446, 461, 473, 474]
Node 38 : [26, 25, 30, 5, 29, 46, 33, 19, 44, 49, 56, 9, 63, 65, 81, 77, 92, 71, 86, 75, 104, 114, 83, 97, 110, 116, 118, 120, 124, 149, 74, 13, 126, 141, 150, 134, 155, 159, 173, 99, 169, 129, 175, 157, 112, 171, 177, 166, 160, 117, 170, 236, 238, 179, 194, 200, 235, 178, 197, 102, 156, 247, 249, 260, 240, 140, 209, 228, 257, 263, 266, 162, 107, 213, 223, 278, 203, 273, 283, 288, 297, 282, 248, 298, 317, 321, 323, 319, 253, 265, 168, 185, 303, 325, 338, 355, 302, 234, 133, 137, 148, 300, 301, 337, 343, 345, 376, 362, 304, 354, 199, 231, 270, 305, 307, 392, 405, 271, 252, 309, 320, 357, 393, 287, 365, 387, 410, 415, 427, 377, 295, 349, 381, 395, 397, 411, 447, 290, 404, 375, 433, 445, 462, 467, 470]
Node 44 : [19, 13, 26, 5, 33, 25, 38, 49, 9, 29, 30, 46, 56, 65, 71, 63, 74, 97, 83, 112, 116, 102, 114, 110, 120, 124, 107, 118, 121, 155, 157, 162, 169, 173, 77, 81, 134, 92, 99, 150, 160, 181, 104, 159, 175, 126, 148, 166, 109, 86, 129, 149, 153, 194, 210, 216, 231, 170, 223, 249, 213, 245, 250, 253, 255, 236, 224, 247, 267, 275, 278, 240, 75, 200, 265, 266, 263, 237, 248, 274, 117, 146, 163, 185, 297, 307, 313, 287, 317, 334, 337, 141, 209, 360, 228, 235, 283, 326, 363, 393, 395, 404, 271, 302, 171, 234, 348, 353, 362, 325, 375, 379, 425, 430, 402, 196, 203, 298, 382, 396, 423, 386, 276, 367, 415, 421]
Node 46 : [5, 26, 38, 29, 30, 19, 49, 33, 13, 44, 56, 25, 63, 9, 71, 75, 74, 83, 97, 99, 92, 65, 77, 86, 81, 116, 124, 114, 118, 133, 104, 102, 134, 148, 110, 121, 159, 160, 155, 157, 149, 173, 179, 181, 120, 140, 109, 126, 217, 137, 245, 210, 230, 237, 250, 273, 178, 258, 194, 175, 276, 136, 287, 253, 171, 177, 213, 248, 298, 303, 228, 297, 316, 117, 275, 141, 278, 240, 249, 153, 264, 267, 312, 341, 348, 360, 363, 270, 274, 330, 369, 349, 185, 206, 342, 345, 379, 399, 235, 271, 223, 305, 343, 288, 247, 295, 338, 367, 146, 321, 358, 266, 393, 398, 451, 313, 150, 200, 209, 377, 430, 466]
Node 49 : [44, 30, 46, 38, 26, 9, 29, 33, 5, 13, 63, 71, 25, 74, 19, 56, 83, 99, 112, 121, 120, 116, 118, 102, 124, 110, 97, 114, 107, 159, 162, 171, 155, 178, 150, 177, 179, 200, 173, 104, 81, 86, 109, 235, 141, 65, 228, 238, 260, 129, 197, 175, 210, 229, 237, 245, 250, 126, 117, 163, 166, 247, 266, 287, 288, 149, 194, 137, 160, 236, 249, 263, 298, 305, 240, 264, 296, 224, 213, 234, 253, 317, 297, 313, 337, 319, 209, 248, 169, 282, 325, 333, 354, 349, 157, 365, 347, 168, 267, 134, 148, 265, 271, 318, 345, 348, 377, 302, 381, 400, 258, 170, 181, 336, 357, 383, 391, 395, 411, 355, 409, 334, 203, 92, 252, 330, 393, 412, 433, 273, 272, 307, 369, 398, 404, 405, 413, 453, 456, 382, 283, 379, 385, 419, 446, 470]
Node 56 : [26, 33, 13, 38, 46, 29, 30, 5, 9, 19, 25, 44, 65, 49, 63, 75, 71, 110, 74, 83, 97, 121, 102, 107, 112, 129, 114, 118, 116, 160, 156, 133, 86, 137, 162, 150, 171, 178, 200, 209, 169, 217, 181, 126, 173, 166, 170, 245, 249, 251, 252, 149, 163, 210, 266, 157, 264, 223, 77, 159, 265, 301, 302, 325, 304, 275, 247, 267, 278, 283, 298, 313, 318, 342, 117, 333, 248, 213, 148, 343, 146, 199, 274, 337, 347, 360, 177, 168, 297, 134, 230, 99, 203, 224, 307, 348, 380, 404, 336, 332, 369, 240, 250, 349, 351, 391, 410, 363, 362, 185, 270, 296, 415, 120, 263, 206, 321, 238, 292, 365, 434, 449, 451, 456, 425, 276, 375, 447]
Node 63 : [13, 5, 46, 25, 38, 49, 71, 9, 44, 56, 19, 30, 74, 109, 86, 112, 107, 118, 121, 29, 81, 124, 120, 75, 133, 134, 83, 156, 110, 181, 33, 126, 137, 173, 140, 169, 166, 209, 77, 160, 178, 213, 215, 26, 117, 179, 97, 251, 252, 258, 170, 171, 224, 272, 276, 149, 217, 249, 114, 157, 300, 200, 136, 150, 270, 298, 303, 312, 210, 148, 223, 301, 323, 341, 325, 316, 287, 302, 345, 358, 362, 267, 65, 153, 175, 240, 265, 380, 99, 129, 253, 377, 398, 393, 231, 273, 274, 283, 296, 319, 389, 404, 405, 305, 332, 424, 365, 297, 203, 230, 235, 237, 278, 347, 330, 415, 452, 102, 458, 190, 431, 155, 199, 229, 238, 321, 412, 420, 444, 446, 463, 470]
Node 65 : [44, 29, 56, 26, 38, 77, 86, 92, 81, 46, 104, 110, 25, 74, 5, 134, 19, 141, 99, 129, 114, 149, 150, 157, 124, 169, 166, 177, 179, 209, 109, 117, 223, 250, 235, 49, 251, 264, 263, 203, 170, 236, 253, 194, 230, 258, 276, 133, 136, 210, 224, 312, 316, 75, 325, 270, 217, 146, 240, 228, 267, 238, 168, 181, 197, 297, 354, 317, 63, 341, 107, 71, 83, 323, 13, 319, 343, 266, 162, 112, 206, 248, 296, 375, 376, 260, 303, 257, 355, 140, 118, 148, 245, 320, 336, 342, 387, 397, 398, 330, 309, 249, 282, 313, 347, 357, 365, 439, 386, 159, 247, 369, 395, 399, 400, 423, 433, 358, 404, 430, 462, 466, 480]
Node 71 : [30, 33, 13, 9, 19, 46, 49, 63, 44, 5, 29, 25, 75, 83, 26, 38, 74, 56, 102, 97, 112, 116, 121, 99, 120, 114, 137, 155, 146, 153, 107, 140, 129, 168, 136, 197, 110, 178, 179, 190, 194, 92, 81, 86, 166, 77, 162, 228, 169, 235, 237, 109, 234, 177, 133, 170, 181, 200, 249, 251, 253, 263, 117, 141, 273, 150, 159, 175, 185, 203, 213, 223, 224, 271, 149, 160, 209, 268, 282, 297, 264, 296, 148, 230, 265, 236, 104, 245, 260, 319, 321, 323, 342, 134, 304, 313, 317, 65, 118, 126, 220, 229, 247, 311, 358, 318, 210, 267, 278, 364, 372, 380, 381, 393, 405, 298, 360, 367, 395, 396, 124, 375, 362, 336, 337, 349, 386, 413, 416, 258, 382, 409, 369, 157, 302, 312, 377, 383, 391, 400, 453, 353, 252, 250, 276, 332, 355, 456, 465, 470]
Node 74 : [13, 49, 25, 19, 44, 46, 83, 75, 9, 63, 71, 29, 33, 26, 5, 110, 114, 56, 65, 107, 118, 116, 102, 38, 30, 129, 97, 121, 150, 120, 160, 124, 169, 112, 155, 177, 77, 99, 157, 86, 117, 173, 181, 223, 137, 179, 200, 209, 175, 251, 170, 149, 178, 224, 248, 271, 274, 166, 275, 217, 240, 296, 265, 264, 203, 213, 303, 307, 332, 140, 360, 325, 318, 347, 365, 283, 168, 298, 313, 345, 391, 317, 375, 379, 396, 416, 104, 386, 376, 257, 245, 334, 439, 393, 300, 255, 338, 231, 216, 278, 309, 320, 321, 363, 377, 412, 387, 171, 247, 399, 424, 459, 462, 470]
Node 75 : [46, 71, 56, 30, 5, 74, 13, 9, 83, 19, 26, 38, 102, 112, 33, 99, 107, 133, 129, 136, 146, 148, 63, 153, 155, 160, 140, 168, 150, 134, 137, 190, 120, 162, 177, 110, 237, 29, 116, 171, 235, 217, 126, 210, 175, 200, 220, 245, 258, 273, 274, 276, 109, 97, 44, 77, 267, 114, 265, 268, 285, 287, 124, 249, 250, 295, 303, 307, 173, 236, 266, 270, 288, 304, 309, 311, 316, 65, 229, 296, 312, 330, 334, 81, 223, 282, 326, 336, 341, 353, 357, 260, 344, 345, 364, 367, 377, 185, 275, 305, 398, 25, 179, 178, 196, 323, 399, 402, 118, 166, 156, 206, 248, 372, 396, 362, 169, 230, 407, 458, 422, 451, 456, 228, 421, 465, 472]
Node 77 : [29, 65, 81, 38, 86, 92, 46, 104, 19, 5, 134, 99, 149, 44, 118, 109, 30, 166, 13, 114, 177, 112, 102, 107, 175, 74, 124, 110, 155, 171, 181, 210, 213, 71, 63, 120, 141, 159, 179, 215, 117, 170, 194, 209, 235, 250, 223, 140, 229, 249, 253, 263, 236, 148, 169, 173, 203, 240, 251, 272, 75, 156, 200, 230, 267, 25, 56, 273, 97, 228, 266, 300, 274, 126, 146, 196, 197, 286, 303, 325, 137, 185, 224, 318, 326, 116, 265, 313, 317, 337, 345, 353, 26, 270, 168, 157, 217, 264, 334, 348, 369, 33, 346, 333, 231, 288, 302, 305, 328, 344, 347, 375, 380, 349, 402, 358, 278, 283, 178, 323, 414, 343, 404, 247, 304, 316, 396, 398, 413, 9, 258, 83, 297, 392, 395, 400, 423]
Node 81 : [29, 38, 77, 65, 86, 92, 13, 46, 107, 30, 104, 109, 63, 5, 134, 19, 99, 118, 149, 166, 44, 157, 141, 71, 148, 124, 97, 112, 126, 210, 49, 213, 235, 173, 236, 240, 250, 267, 272, 156, 26, 177, 215, 248, 25, 294, 33, 146, 201, 257, 288, 300, 129, 185, 203, 270, 273, 340, 334, 75, 326, 110, 181, 237, 253, 274, 343, 348, 349, 353, 333, 117, 194, 369, 133, 323, 389, 392, 354, 276, 362, 403, 178, 196, 317, 330, 344, 380, 318, 357, 258, 231, 255, 405, 469, 477]
Node 83 : [49, 71, 9, 13, 74, 25, 46, 30, 75, 44, 26, 38, 56, 99, 19, 33, 118, 116, 137, 120, 63, 5, 114, 112, 159, 173, 124, 175, 178, 150, 160, 155, 107, 97, 121, 200, 126, 153, 194, 216, 171, 231, 255, 228, 275, 265, 273, 271, 307, 313, 166, 170, 203, 157, 140, 162, 209, 321, 332, 325, 168, 245, 248, 249, 323, 317, 65, 342, 240, 363, 296, 223, 86, 351, 365, 393, 396, 401, 404, 149, 163, 210, 251, 283, 129, 134, 338, 367, 345, 102, 110, 238, 304, 318, 386, 77, 148, 347, 92, 185, 258, 421]
Node 86 : [77, 29, 65, 38, 81, 92, 13, 46, 63, 30, 109, 104, 107, 19, 5, 118, 134, 157, 99, 133, 156, 56, 97, 197, 178, 166, 44, 110, 71, 112, 162, 194, 209, 74, 114, 141, 223, 25, 49, 190, 136, 140, 129, 117, 168, 170, 177, 213, 220, 235, 238, 26, 230, 126, 153, 169, 196, 215, 260, 179, 150, 270, 268, 146, 102, 160, 210, 228, 234, 251, 253, 264, 266, 285, 296, 120, 236, 252, 300, 302, 9, 282, 286, 124, 297, 317, 203, 267, 301, 325, 328, 181, 185, 349, 362, 173, 149, 199, 263, 336, 354, 357, 367, 83, 290, 250, 273, 346, 347, 348, 355, 365, 389, 217, 276, 319, 400, 410, 414, 121, 305, 424, 231, 148, 332, 392, 395, 411, 412, 427, 433, 33, 402, 278, 304, 316, 337, 415, 431, 444, 309, 248, 247, 163, 288, 295, 311, 323, 338, 397, 416, 463, 464, 469, 474, 483]
Node 92 : [77, 38, 65, 86, 29, 81, 46, 19, 104, 5, 134, 149, 141, 157, 44, 99, 71, 177, 240, 238, 236, 118, 257, 263, 179, 117, 126, 213, 253, 159, 235, 26, 220, 290, 163, 288, 301, 309, 248, 250, 140, 234, 303, 333, 338, 148, 107, 297, 224, 245, 376, 320, 260, 336, 386, 13, 404, 203, 264, 223, 358, 375, 394, 150, 49, 210, 124, 302, 334, 392, 393, 397, 431, 231, 97, 380, 283, 347, 369, 425, 440, 83, 129, 395, 271, 274, 447]
Node 97 : [26, 44, 46, 71, 9, 38, 56, 13, 116, 120, 117, 33, 126, 137, 140, 74, 110, 150, 159, 160, 49, 107, 141, 25, 114, 102, 163, 171, 181, 5, 30, 86, 197, 124, 162, 175, 185, 194, 81, 83, 148, 109, 166, 203, 206, 121, 199, 200, 229, 210, 157, 178, 170, 129, 179, 169, 224, 63, 153, 209, 228, 236, 251, 260, 112, 146, 235, 252, 75, 156, 133, 245, 250, 267, 274, 282, 295, 29, 77, 278, 287, 302, 304, 118, 223, 292, 296, 301, 325, 19, 134, 155, 240, 326, 217, 319, 271, 99, 247, 317, 321, 334, 347, 353, 354, 355, 362, 363, 234, 270, 264, 263, 265, 266, 332, 365, 385, 405, 248, 336, 360, 230, 300, 307, 344, 375, 389, 393, 411, 416, 231, 196, 391, 402, 410, 427, 92, 351, 136, 201, 312, 341, 399, 415, 433, 444, 456, 258, 316, 342, 349, 398, 429, 435, 461, 477]
Node 99 : [19, 49, 46, 9, 25, 30, 83, 75, 5, 121, 71, 118, 102, 81, 110, 134, 77, 137, 149, 65, 116, 126, 29, 86, 112, 160, 171, 38, 44, 92, 173, 159, 162, 169, 170, 109, 146, 196, 74, 157, 177, 150, 13, 230, 179, 26, 141, 156, 248, 235, 163, 197, 270, 273, 238, 129, 114, 148, 181, 175, 229, 237, 240, 253, 288, 307, 215, 234, 271, 278, 282, 286, 304, 276, 309, 104, 124, 305, 328, 97, 251, 168, 275, 325, 346, 347, 363, 364, 166, 203, 313, 349, 353, 360, 369, 375, 63, 56, 250, 263, 297, 303, 343, 393, 402, 336, 300, 140, 245, 320, 321, 351, 358, 386, 404, 421, 209, 265, 266, 302, 337, 348, 377, 382, 387, 422, 430, 290, 194, 224, 287, 397, 413, 414, 449, 117, 274, 316, 400, 407, 412, 439, 465, 467, 470]
Node 102 : [19, 9, 30, 71, 75, 29, 25, 44, 120, 121, 99, 118, 56, 116, 46, 74, 129, 136, 137, 49, 146, 107, 153, 26, 173, 97, 140, 77, 110, 13, 168, 190, 175, 177, 181, 220, 162, 38, 217, 160, 234, 237, 249, 200, 245, 133, 235, 86, 268, 155, 295, 150, 265, 313, 213, 273, 185, 159, 311, 228, 298, 285, 5, 332, 248, 264, 321, 336, 363, 345, 342, 318, 364, 367, 178, 290, 379, 415, 179, 260, 156, 420, 83, 372, 434, 441, 63, 357, 231, 283, 229, 275]
Node 104 : [65, 77, 29, 38, 86, 19, 81, 92, 5, 134, 46, 149, 25, 26, 33, 156, 157, 109, 13, 44, 141, 177, 201, 129, 49, 240, 238, 236, 118, 213, 257, 117, 179, 140, 159, 194, 294, 309, 290, 288, 253, 146, 71, 99, 248, 235, 228, 303, 336, 173, 338, 340, 271, 150, 185, 263, 274, 300, 349, 376, 260, 133, 237, 403, 126, 333, 354, 245, 413, 74, 110, 276, 387, 423, 181, 250, 297, 330, 348, 395, 430, 357, 255, 317, 369, 439, 447]
Node 107 : [81, 109, 86, 30, 13, 63, 75, 5, 74, 44, 56, 9, 19, 112, 114, 136, 102, 118, 129, 126, 153, 97, 146, 49, 120, 160, 168, 71, 166, 140, 171, 175, 121, 29, 83, 77, 173, 190, 210, 155, 110, 213, 177, 234, 248, 156, 245, 162, 220, 252, 200, 268, 133, 38, 287, 33, 185, 228, 265, 270, 302, 304, 197, 235, 247, 266, 278, 283, 298, 238, 263, 274, 290, 295, 301, 163, 26, 178, 194, 224, 357, 65, 92, 355, 199, 282, 305, 336, 367, 381, 240, 150, 236, 264, 317, 353, 358, 372, 394, 134, 148, 217, 273, 285, 364, 377, 412, 410, 303, 345, 427, 431, 319, 334, 230, 411, 415, 421, 425, 442, 444, 450, 458, 206, 231, 253, 313, 349, 362, 389, 391, 424, 445, 446, 461, 464]
Node 109 : [30, 63, 86, 107, 13, 81, 19, 118, 26, 33, 5, 25, 104, 146, 170, 169, 77, 166, 99, 196, 44, 97, 148, 29, 126, 124, 156, 141, 177, 157, 173, 230, 46, 49, 65, 210, 112, 213, 250, 71, 129, 149, 197, 201, 236, 267, 270, 75, 215, 294, 117, 273, 300, 286, 9, 272, 185, 253, 326, 328, 340, 240, 235, 288, 228, 257, 274, 349, 237, 203, 344, 346, 348, 248, 134, 175, 181, 263, 278, 333, 337, 354, 362, 395, 258, 343, 369, 133, 334, 403, 357, 217, 317, 413, 330, 234, 353, 231, 276, 423, 449, 110, 316, 414, 447, 474, 480]
Node 110 : [56, 26, 29, 65, 74, 25, 44, 38, 129, 124, 99, 112, 120, 121, 5, 33, 46, 97, 155, 159, 19, 49, 126, 150, 63, 160, 166, 157, 102, 71, 137, 77, 86, 13, 209, 107, 177, 75, 170, 173, 179, 181, 169, 223, 114, 200, 248, 9, 117, 224, 265, 273, 240, 30, 149, 210, 264, 283, 118, 178, 272, 215, 245, 251, 263, 270, 296, 298, 271, 300, 213, 267, 278, 307, 134, 81, 168, 363, 217, 365, 206, 171, 235, 347, 351, 362, 396, 405, 236, 325, 156, 247, 286, 287, 313, 358, 377, 104, 237, 257, 231, 249, 317, 367, 375, 403, 404, 83, 133, 203, 340, 450, 457, 109, 302, 312, 436, 464, 469]
Node 112 : [63, 44, 71, 75, 49, 29, 5, 19, 121, 9, 56, 118, 120, 110, 116, 30, 107, 124, 137, 25, 99, 83, 159, 171, 114, 33, 74, 178, 77, 155, 38, 175, 177, 13, 81, 86, 213, 166, 109, 215, 173, 97, 181, 160, 162, 272, 273, 157, 274, 217, 250, 253, 126, 149, 140, 194, 223, 240, 247, 229, 141, 156, 200, 303, 320, 206, 210, 263, 235, 297, 300, 321, 336, 337, 224, 288, 148, 295, 351, 363, 230, 333, 117, 65, 228, 271, 185, 294, 313, 392, 236, 292, 265, 201, 287, 349, 380, 401, 134, 286, 330, 357, 423, 436, 248, 168, 413, 429, 343, 399, 405, 448, 453, 457, 464]
Node 114 : [25, 74, 26, 29, 38, 44, 33, 46, 120, 71, 5, 56, 30, 107, 137, 19, 118, 124, 150, 49, 65, 83, 160, 155, 97, 112, 162, 169, 77, 197, 166, 178, 194, 200, 157, 121, 159, 181, 86, 129, 117, 170, 171, 228, 209, 217, 110, 247, 116, 260, 223, 149, 249, 264, 75, 99, 273, 296, 266, 63, 248, 235, 303, 245, 317, 13, 287, 283, 134, 319, 332, 278, 355, 365, 177, 354, 353, 381, 238, 148, 313, 393, 240, 140, 224, 334, 358, 295, 411, 253, 325, 433, 321, 210, 251, 445, 282, 307, 398]
Node 116 : [26, 44, 9, 71, 30, 97, 46, 121, 124, 38, 118, 102, 49, 25, 74, 83, 112, 56, 13, 155, 99, 19, 160, 5, 137, 120, 159, 177, 171, 200, 29, 181, 175, 126, 247, 114, 173, 75, 33, 148, 237, 258, 272, 283, 185, 213, 197, 274, 318, 273, 252, 295, 77, 363, 153, 264, 351, 360, 288, 309, 276, 307, 249, 287, 377, 382, 304, 282, 364, 311, 379, 383, 401, 409, 298, 422, 166, 169, 407, 416, 230, 453, 481]
Node 117 : [33, 97, 126, 140, 141, 163, 30, 199, 19, 74, 38, 150, 114, 185, 224, 229, 63, 77, 223, 65, 209, 86, 206, 169, 25, 179, 157, 203, 71, 110, 166, 104, 92, 194, 264, 49, 146, 236, 245, 251, 109, 250, 253, 120, 29, 44, 292, 124, 134, 263, 271, 325, 46, 288, 320, 56, 170, 297, 343, 348, 112, 317, 81, 181, 149, 228, 358, 380, 333, 240, 201, 238, 349, 369, 375, 385, 404, 210, 230, 274, 365, 295, 148, 190, 235, 321, 337, 392, 405, 413, 423, 430, 435, 436, 393, 99, 168, 429, 178, 294, 336, 480]
Node 118 : [63, 9, 19, 25, 120, 99, 102, 116, 46, 44, 74, 112, 38, 49, 83, 86, 109, 81, 30, 56, 107, 114, 121, 26, 170, 13, 146, 160, 162, 77, 33, 126, 150, 169, 175, 133, 173, 196, 29, 156, 216, 213, 230, 231, 153, 157, 159, 200, 215, 92, 104, 179, 181, 197, 210, 238, 255, 177, 252, 229, 166, 265, 273, 249, 194, 217, 263, 278, 286, 290, 110, 257, 302, 307, 97, 124, 236, 270, 274, 298, 323, 140, 137, 300, 309, 163, 295, 342, 171, 203, 245, 301, 338, 345, 220, 235, 190, 71, 260, 303, 313, 320, 346, 357, 362, 376, 129, 264, 148, 199, 258, 271, 285, 304, 311, 367, 386, 268, 65, 396, 272, 275, 328, 332, 333, 363, 412, 75, 372, 253, 316, 387, 420, 185, 353, 155, 223, 234, 240, 402, 444, 445, 452, 326, 377, 379, 397, 415, 424, 442, 448, 458, 459, 483]
Node 120 : [44, 30, 102, 118, 97, 9, 49, 112, 114, 38, 63, 71, 26, 110, 121, 83, 19, 74, 107, 136, 146, 153, 168, 171, 116, 179, 181, 140, 129, 175, 190, 137, 46, 178, 75, 124, 148, 159, 77, 203, 126, 206, 177, 224, 199, 29, 141, 133, 235, 13, 33, 163, 162, 234, 245, 249, 292, 86, 285, 117, 185, 220, 274, 296, 229, 223, 228, 278, 320, 268, 295, 298, 173, 263, 273, 304, 311, 336, 363, 156, 247, 323, 357, 367, 150, 5, 236, 240, 260, 265, 270, 360, 372, 385, 252, 155, 160, 213, 237, 345, 379, 383, 420, 358, 258, 200, 272, 364, 382, 409, 412, 440, 56, 386, 210, 201, 248, 334, 389, 429, 450, 453, 266, 231, 342, 396, 399]
Node 121 : [30, 112, 99, 49, 116, 102, 63, 56, 71, 19, 44, 120, 29, 9, 110, 74, 118, 46, 137, 155, 5, 25, 173, 107, 126, 179, 160, 124, 33, 162, 171, 200, 114, 83, 150, 97, 217, 175, 237, 245, 156, 229, 163, 238, 129, 248, 271, 274, 278, 26, 295, 181, 194, 228, 234, 213, 303, 305, 265, 249, 266, 319, 177, 247, 312, 345, 159, 283, 140, 190, 342, 235, 287, 387, 391, 304, 415, 86, 297, 210, 333, 353, 379, 419, 230, 432, 332, 338, 424, 431, 273, 362, 417]
Node 124 : [116, 44, 46, 63, 5, 38, 110, 112, 49, 25, 129, 114, 155, 159, 13, 19, 65, 74, 83, 169, 29, 157, 166, 175, 121, 97, 26, 181, 77, 81, 120, 109, 126, 148, 171, 30, 209, 217, 223, 150, 210, 236, 250, 9, 137, 237, 249, 264, 267, 156, 203, 196, 75, 286, 230, 170, 270, 117, 118, 215, 86, 197, 185, 251, 296, 99, 287, 313, 325, 328, 332, 334, 179, 278, 298, 333, 162, 346, 146, 224, 305, 344, 353, 365, 380, 168, 178, 200, 238, 304, 318, 326, 347, 400, 404, 405, 234, 247, 274, 375, 402, 71, 92, 345, 258, 316, 362, 412, 415, 266, 338, 363, 379, 414, 163]
Node 126 : [117, 33, 97, 140, 38, 107, 9, 99, 110, 141, 163, 30, 118, 121, 63, 181, 137, 159, 44, 109, 124, 81, 155, 206, 83, 116, 194, 150, 153, 199, 200, 210, 231, 56, 120, 46, 5, 148, 216, 250, 86, 149, 146, 203, 213, 224, 228, 229, 75, 236, 92, 156, 248, 253, 255, 267, 274, 275, 49, 265, 230, 112, 157, 278, 307, 77, 273, 271, 217, 245, 292, 318, 337, 19, 263, 298, 321, 323, 326, 334, 353, 360, 363, 71, 344, 25, 294, 362, 369, 104, 358, 168, 201, 223, 305, 330, 295, 416, 173, 283, 382, 402, 415, 435, 196, 304, 313, 392, 413, 421, 430, 446, 343, 134, 395, 379, 385, 412, 419, 423, 436]
Node 129 : [29, 56, 110, 25, 75, 102, 146, 74, 107, 124, 136, 153, 65, 19, 168, 38, 157, 71, 140, 150, 166, 120, 169, 44, 114, 104, 33, 201, 177, 220, 223, 86, 97, 156, 133, 179, 209, 234, 13, 26, 109, 49, 170, 121, 190, 99, 163, 224, 229, 268, 294, 296, 238, 240, 285, 305, 81, 178, 251, 257, 325, 340, 162, 342, 216, 237, 283, 298, 347, 357, 365, 271, 371, 118, 267, 63, 264, 354, 400, 403, 404, 417, 83, 134, 290, 426, 311, 372, 420, 92, 442, 336, 364, 440]
Node 133 : [75, 46, 63, 148, 56, 86, 118, 134, 140, 156, 220, 129, 168, 234, 153, 120, 71, 190, 217, 252, 102, 258, 276, 107, 97, 177, 268, 136, 65, 185, 285, 301, 302, 270, 271, 311, 312, 316, 304, 260, 330, 336, 362, 38, 290, 358, 199, 210, 264, 341, 372, 340, 81, 104, 13, 201, 25, 237, 323, 398, 403, 294, 109, 257, 33, 267, 410, 160, 206, 386, 399, 415, 420, 427, 440, 317, 26, 249, 110, 458, 354, 444, 466]
Node 134 : [5, 104, 81, 92, 65, 46, 86, 99, 77, 148, 63, 19, 149, 157, 38, 44, 29, 133, 75, 177, 140, 141, 235, 250, 258, 213, 217, 230, 136, 194, 253, 150, 179, 264, 251, 297, 117, 263, 209, 170, 276, 296, 312, 114, 166, 160, 97, 197, 224, 248, 270, 316, 317, 319, 13, 25, 110, 330, 71, 228, 168, 240, 333, 347, 355, 358, 49, 238, 162, 236, 267, 169, 178, 223, 266, 278, 282, 325, 341, 349, 365, 56, 109, 260, 206, 342, 393, 33, 107, 283, 348, 411, 112, 83, 129, 288, 354, 369, 392, 395, 399, 413, 423, 433, 334, 447, 126, 381, 404, 475, 479]
Node 136 : [75, 102, 107, 129, 146, 120, 153, 140, 168, 71, 190, 177, 86, 29, 235, 234, 220, 268, 276, 258, 148, 134, 217, 46, 133, 63, 210, 65, 311, 312, 316, 330, 341, 271, 223, 285, 267, 290, 336, 358, 372, 357, 270, 264, 399, 179, 398, 420, 323, 364, 97, 206, 440, 458]
Node 137 : [112, 83, 13, 97, 102, 114, 99, 121, 71, 116, 19, 5, 159, 173, 162, 56, 33, 9, 110, 25, 126, 63, 75, 200, 120, 160, 155, 148, 181, 74, 247, 46, 245, 178, 156, 228, 124, 175, 237, 217, 278, 248, 283, 49, 229, 287, 274, 249, 30, 296, 275, 210, 323, 118, 171, 77, 153, 295, 321, 332, 29, 213, 342, 363, 264, 38, 177, 150, 303, 318, 377, 253, 313, 345, 235, 304, 305, 351, 396, 168, 367, 382, 401, 412, 230, 334, 199, 298, 391, 451, 203, 424, 140, 163, 258, 472]
Node 140 : [97, 126, 117, 141, 33, 153, 75, 146, 136, 71, 129, 30, 168, 102, 163, 107, 120, 133, 148, 190, 199, 134, 63, 185, 46, 206, 220, 229, 86, 9, 178, 248, 77, 245, 13, 26, 150, 234, 237, 38, 238, 179, 240, 159, 249, 104, 177, 175, 200, 257, 285, 292, 112, 217, 210, 265, 266, 274, 276, 278, 290, 298, 25, 235, 270, 316, 29, 118, 92, 83, 203, 173, 264, 287, 341, 342, 74, 303, 321, 263, 271, 295, 320, 330, 336, 338, 121, 360, 300, 311, 323, 351, 357, 309, 260, 223, 312, 367, 376, 65, 99, 114, 362, 155, 253, 258, 294, 397, 398, 420, 5, 371, 386, 162, 181, 230, 251, 268, 296, 393, 399, 424, 426, 439, 440, 236, 216, 345, 353, 364, 385, 389, 391, 137, 224, 417, 267, 442, 247, 372, 434, 435, 452, 465, 471, 483]
Node 141 : [117, 33, 140, 38, 65, 92, 149, 157, 29, 126, 97, 163, 30, 5, 19, 81, 104, 185, 199, 206, 109, 134, 86, 77, 229, 99, 224, 146, 250, 49, 120, 263, 71, 177, 248, 236, 245, 223, 112, 203, 271, 320, 46, 235, 253, 292, 230, 194, 297, 44, 240, 343, 181, 349, 228, 274, 295, 348, 385, 395, 150, 13, 276, 333, 358, 162, 213, 148, 294, 425, 429, 330, 265, 436, 190, 201, 159, 313, 392, 484]
Node 146 : [129, 75, 102, 136, 153, 107, 109, 120, 140, 169, 170, 118, 13, 26, 71, 168, 99, 190, 196, 157, 220, 199, 185, 33, 30, 224, 141, 206, 229, 126, 197, 203, 97, 177, 215, 268, 270, 86, 117, 234, 245, 286, 9, 77, 250, 236, 81, 44, 104, 230, 253, 223, 65, 240, 285, 29, 194, 149, 295, 297, 328, 333, 337, 343, 124, 56, 150, 274, 357, 148, 166, 181, 201, 235, 264, 265, 271, 367, 369, 372, 385, 389, 213, 173, 258, 260, 288, 294, 330, 349, 395, 414, 319, 19, 358, 420, 423, 429, 46, 336, 217, 272, 302, 311, 348, 402, 435, 457, 263, 318, 5, 162, 292, 403]
Node 148 : [75, 46, 134, 133, 140, 44, 81, 97, 109, 124, 120, 160, 175, 179, 137, 13, 5, 29, 150, 33, 200, 126, 177, 210, 249, 171, 217, 236, 248, 258, 25, 116, 77, 173, 181, 250, 265, 267, 274, 276, 278, 136, 99, 30, 156, 229, 19, 245, 71, 303, 178, 271, 316, 163, 63, 273, 312, 112, 92, 334, 337, 344, 348, 353, 56, 38, 297, 349, 49, 223, 313, 321, 341, 343, 377, 146, 238, 118, 224, 114, 251, 157, 170, 247, 304, 345, 362, 398, 65, 107, 196, 235, 288, 307, 318, 325, 347, 389, 393, 395, 399, 400, 117, 141, 380, 86, 358, 302, 230, 323, 365, 391, 404, 421, 425, 26, 159, 326, 367, 375, 405, 423, 424, 445, 449, 83, 168, 264, 194, 342, 199, 234, 338, 434, 477]
Node 149 : [104, 38, 92, 29, 134, 141, 81, 99, 77, 19, 65, 157, 46, 177, 44, 126, 109, 253, 263, 251, 74, 114, 56, 169, 209, 235, 179, 224, 110, 63, 236, 248, 49, 112, 25, 71, 250, 297, 170, 288, 264, 325, 166, 213, 336, 194, 146, 181, 228, 343, 117, 86, 168, 347, 380, 349, 223, 230, 238, 178, 317, 83, 296, 5, 229, 274, 150, 357, 369, 13, 358, 313, 330, 375, 405, 425, 33, 302, 392, 159, 240, 393, 185, 430, 440]
Node 150 : [38, 97, 74, 13, 114, 25, 26, 110, 65, 155, 129, 169, 118, 44, 177, 178, 75, 83, 56, 5, 121, 49, 117, 126, 209, 148, 29, 19, 99, 200, 124, 166, 171, 162, 194, 140, 9, 179, 247, 248, 251, 170, 228, 86, 160, 163, 264, 71, 203, 249, 134, 245, 213, 287, 102, 63, 224, 278, 30, 296, 283, 307, 323, 240, 217, 325, 349, 104, 137, 229, 146, 288, 317, 362, 107, 120, 206, 332, 141, 149, 358, 236, 253, 274, 330, 337, 343, 348, 379, 405, 416, 92, 333, 334, 369, 168, 365, 391, 297, 153, 235, 270, 273, 357, 380, 389, 423, 46, 231, 210, 250, 375, 377, 450, 456]
Node 153 : [129, 102, 75, 146, 107, 136, 140, 120, 71, 168, 190, 13, 44, 83, 126, 194, 231, 29, 216, 118, 156, 220, 133, 86, 97, 234, 252, 255, 268, 275, 285, 304, 177, 163, 185, 235, 302, 323, 137, 266, 271, 313, 274, 290, 318, 342, 46, 265, 159, 175, 200, 260, 311, 5, 116, 9, 332, 63, 199, 270, 296, 367, 283, 362, 287, 181, 278, 230, 228, 345, 351, 364, 160, 229, 401, 307, 264, 372, 412, 353, 150, 410, 245, 209, 213, 301, 386, 427, 442, 444, 320, 249, 340, 217, 393, 303, 309, 385, 396, 415, 445, 468, 478]
Node 155 : [71, 110, 121, 116, 75, 46, 114, 124, 30, 38, 44, 33, 150, 26, 49, 74, 13, 29, 159, 83, 112, 175, 137, 171, 162, 77, 126, 107, 181, 179, 245, 217, 247, 9, 266, 272, 237, 258, 102, 265, 197, 185, 178, 213, 298, 318, 97, 313, 273, 160, 252, 304, 345, 271, 200, 287, 383, 140, 283, 120, 311, 321, 363, 382, 391, 401, 421, 194, 275, 367, 377, 409, 118, 451, 456, 398, 63, 274]
Node 156 : [26, 104, 25, 33, 56, 63, 86, 118, 133, 109, 129, 153, 99, 171, 162, 200, 201, 107, 137, 160, 38, 121, 29, 247, 252, 126, 81, 97, 77, 124, 148, 178, 266, 13, 177, 294, 296, 302, 304, 265, 112, 257, 283, 301, 19, 249, 275, 287, 340, 362, 120, 351, 210, 199, 234, 237, 228, 318, 377, 379, 110, 354, 229, 253, 270, 295, 273, 75, 278, 102, 321, 410, 185, 305, 403, 412, 415, 427, 360, 421, 303, 436, 444, 451]
Node 157 : [104, 141, 134, 92, 29, 86, 149, 44, 46, 65, 129, 25, 124, 166, 19, 38, 81, 110, 169, 177, 114, 74, 99, 146, 26, 13, 196, 109, 179, 209, 223, 97, 118, 5, 230, 117, 170, 213, 253, 215, 270, 56, 112, 240, 286, 9, 126, 63, 224, 197, 248, 250, 297, 236, 83, 235, 317, 251, 337, 328, 325, 49, 346, 229, 194, 77, 181, 203, 228, 283, 333, 358, 375, 148, 276, 369, 402, 405, 258, 413, 414, 175, 185, 330, 302, 210, 316, 392, 425, 71, 168, 231, 238, 343, 33, 313, 312, 480]
Node 159 : [46, 110, 97, 9, 160, 33, 30, 137, 49, 124, 112, 38, 173, 83, 99, 25, 155, 116, 162, 126, 44, 171, 19, 120, 114, 175, 77, 181, 178, 179, 118, 237, 240, 238, 236, 177, 257, 140, 228, 200, 92, 245, 104, 71, 290, 283, 295, 56, 26, 309, 287, 102, 274, 303, 313, 338, 248, 153, 332, 345, 121, 271, 213, 247, 360, 300, 13, 320, 260, 397, 29, 296, 298, 318, 376, 386, 387, 415, 421, 396, 424, 439, 65, 423, 253, 337, 369, 288, 148, 343, 336, 348, 398, 416, 447, 5, 141, 149, 476, 235, 206, 209, 340, 419, 441, 451, 459, 472]
Node 160 : [30, 26, 75, 159, 97, 46, 56, 114, 116, 99, 74, 107, 118, 33, 19, 44, 110, 171, 177, 9, 83, 121, 181, 25, 137, 38, 148, 200, 162, 179, 63, 245, 156, 102, 13, 150, 194, 5, 260, 228, 112, 166, 173, 217, 29, 86, 282, 295, 266, 49, 163, 71, 247, 197, 283, 248, 319, 134, 249, 235, 274, 323, 342, 155, 301, 252, 175, 178, 302, 354, 355, 360, 304, 265, 318, 362, 317, 234, 313, 351, 353, 120, 278, 203, 410, 412, 153, 133, 287, 381, 421, 230, 379, 445, 411, 201, 296, 444]
Node 162 : [49, 118, 44, 114, 137, 99, 159, 56, 25, 177, 178, 121, 5, 97, 175, 200, 155, 13, 86, 166, 197, 179, 194, 71, 75, 160, 29, 228, 9, 102, 150, 156, 26, 245, 107, 238, 112, 210, 266, 278, 38, 120, 33, 248, 260, 282, 271, 283, 319, 83, 313, 247, 323, 129, 216, 298, 342, 268, 163, 345, 354, 124, 134, 251, 267, 355, 235, 65, 317, 332, 224, 229, 141, 201, 223, 249, 363, 411, 415, 417, 203, 265, 385, 294, 140, 292, 334, 367, 426, 429, 230, 296, 338, 371, 435, 287, 146, 321, 190, 285, 353, 381, 456]
Node 163 : [141, 117, 33, 126, 140, 97, 30, 185, 206, 199, 224, 229, 203, 99, 120, 121, 5, 150, 56, 177, 266, 129, 247, 49, 271, 26, 160, 290, 92, 216, 217, 223, 234, 287, 295, 307, 153, 44, 220, 175, 228, 238, 245, 255, 275, 292, 305, 320, 148, 301, 342, 107, 118, 162, 231, 263, 332, 194, 249, 377, 253, 394, 401, 83, 168, 363, 385, 9, 237, 382, 431, 323, 321, 415, 416, 435, 436, 137, 86, 124, 169, 286, 230, 179, 215, 235, 316, 379, 386, 482]
Node 166 : [81, 5, 13, 77, 107, 124, 109, 25, 157, 129, 110, 86, 114, 29, 197, 26, 194, 38, 44, 65, 162, 71, 97, 169, 178, 213, 30, 63, 112, 170, 179, 19, 150, 56, 173, 209, 260, 117, 160, 118, 235, 49, 251, 74, 266, 177, 203, 224, 317, 83, 134, 149, 288, 276, 282, 300, 309, 304, 325, 347, 364, 365, 99, 223, 238, 278, 307, 375, 267, 381, 146, 337, 355, 228, 400, 168, 263, 75, 407, 240, 296, 319, 354, 380, 433, 116, 273, 422, 358, 312, 404, 405, 448, 457, 231, 201, 301, 403, 481]
Node 168 : [120, 136, 129, 75, 107, 140, 153, 146, 71, 13, 102, 190, 133, 220, 177, 86, 234, 29, 235, 268, 285, 311, 185, 264, 99, 134, 110, 83, 38, 65, 209, 290, 49, 77, 149, 248, 295, 323, 273, 9, 33, 238, 260, 336, 367, 375, 56, 74, 124, 25, 223, 283, 178, 231, 249, 325, 332, 357, 364, 377, 404, 166, 126, 163, 342, 200, 393, 137, 365, 358, 150, 228, 179, 213, 305, 372, 157, 19, 112, 287, 170, 412, 181, 267, 312, 353, 405, 421, 440, 458, 30, 117, 148, 274, 456, 398, 229, 420, 424]
Node 169 : [13, 146, 109, 44, 26, 19, 38, 74, 114, 124, 150, 170, 29, 118, 99, 65, 129, 157, 196, 166, 63, 56, 209, 179, 223, 71, 97, 230, 110, 117, 86, 149, 77, 197, 251, 286, 224, 203, 215, 264, 317, 9, 283, 328, 49, 25, 134, 178, 365, 380, 347, 240, 229, 333, 175, 210, 402, 404, 33, 258, 334, 116, 173, 307, 288, 309, 75, 407, 237, 282, 346, 422, 163, 364]
Node 170 : [13, 109, 118, 146, 26, 169, 99, 196, 166, 38, 114, 223, 97, 110, 77, 44, 209, 86, 25, 29, 56, 71, 157, 197, 215, 74, 129, 150, 63, 230, 203, 264, 65, 251, 286, 9, 124, 270, 296, 134, 149, 224, 83, 178, 283, 117, 317, 179, 229, 328, 333, 240, 380, 19, 375, 148, 175, 325, 365, 405, 231, 49, 346, 400, 258, 33, 168, 302, 334, 210, 404, 414]
Node 171 : [112, 120, 49, 25, 99, 160, 107, 97, 13, 173, 178, 179, 26, 175, 38, 159, 121, 116, 155, 77, 56, 124, 114, 30, 19, 150, 156, 148, 75, 249, 83, 33, 200, 63, 228, 245, 266, 271, 229, 274, 217, 247, 46, 273, 298, 287, 313, 29, 137, 213, 295, 278, 118, 9, 275, 235, 264, 332, 303, 210, 110, 345, 321, 44, 296, 351, 391, 230, 323, 253, 265, 248, 367, 74, 421, 318, 434, 334, 396, 446]
Node 173 : [102, 38, 159, 44, 13, 137, 83, 99, 121, 5, 9, 171, 46, 63, 107, 30, 178, 118, 19, 213, 29, 49, 74, 109, 175, 210, 56, 166, 110, 215, 217, 81, 116, 112, 26, 181, 194, 33, 148, 160, 77, 272, 177, 263, 274, 240, 265, 247, 273, 300, 75, 307, 276, 304, 288, 282, 309, 290, 140, 179, 248, 313, 104, 120, 303, 236, 238, 271, 364, 86, 323, 345, 360, 320, 257, 338, 363, 386, 396, 146, 337, 421, 126, 342, 362, 387, 200, 245, 260, 283, 376, 380, 397, 434, 169, 422, 224, 228, 237, 253, 286, 393, 401, 407, 457, 456, 231, 367, 223, 301, 377, 398, 439, 446, 453, 462, 464]
Node 175 : [124, 83, 107, 118, 38, 112, 155, 171, 77, 162, 97, 44, 120, 181, 159, 102, 29, 148, 178, 116, 173, 30, 19, 9, 121, 177, 217, 26, 74, 248, 137, 75, 5, 49, 210, 140, 46, 25, 71, 228, 274, 99, 163, 283, 265, 266, 287, 229, 278, 332, 153, 249, 200, 160, 295, 63, 13, 323, 33, 362, 109, 170, 270, 169, 197, 215, 286, 402, 415, 416, 157, 346, 271, 194, 179, 303, 328, 414, 333, 223, 363, 434, 196, 258]
Node 177 : [160, 19, 150, 74, 162, 116, 13, 77, 112, 134, 157, 29, 38, 181, 9, 149, 65, 99, 49, 104, 92, 109, 136, 75, 102, 129, 220, 30, 107, 110, 120, 148, 168, 175, 86, 190, 71, 238, 240, 159, 179, 237, 250, 253, 118, 146, 163, 235, 210, 213, 257, 272, 274, 133, 140, 81, 173, 141, 194, 230, 234, 285, 290, 156, 46, 263, 271, 228, 273, 288, 297, 309, 153, 166, 215, 248, 236, 303, 121, 338, 283, 200, 247, 300, 311, 114, 137, 360, 287, 320, 321, 358, 372, 56, 264, 203, 349, 369, 376, 397, 245, 295, 319, 379, 392, 416, 5, 318, 337, 217, 387, 367, 231, 380, 386, 420, 423, 430, 260, 439, 313, 401, 448, 457, 276, 403, 405, 413, 434, 451, 462, 468, 469]
Node 178 : [150, 83, 162, 171, 112, 9, 86, 173, 5, 49, 197, 114, 71, 120, 175, 166, 56, 179, 25, 194, 159, 63, 97, 140, 228, 38, 137, 238, 26, 74, 46, 156, 245, 110, 260, 282, 155, 237, 266, 148, 319, 264, 235, 170, 129, 274, 296, 298, 321, 325, 265, 160, 251, 107, 247, 317, 318, 342, 355, 134, 169, 223, 224, 354, 33, 267, 149, 19, 124, 168, 283, 380, 278, 405, 102, 75, 307, 231, 249, 313, 323, 217, 337, 81, 77, 253, 270, 396, 411, 433, 300, 210, 30, 215, 334, 302, 351, 367, 377, 379, 416, 13, 273, 117, 240, 209, 338, 353, 365, 381, 398, 445, 453]
Node 179 : [46, 19, 171, 120, 121, 71, 29, 9, 148, 5, 49, 162, 178, 160, 77, 65, 166, 25, 169, 157, 26, 97, 99, 159, 63, 38, 110, 74, 129, 117, 238, 150, 155, 177, 118, 245, 257, 86, 92, 140, 104, 236, 181, 203, 149, 251, 209, 240, 249, 264, 290, 295, 134, 275, 274, 298, 303, 309, 283, 265, 173, 215, 197, 217, 230, 286, 296, 325, 338, 124, 170, 270, 194, 235, 318, 346, 196, 317, 328, 316, 271, 210, 248, 276, 321, 323, 332, 342, 376, 75, 136, 399, 206, 320, 223, 312, 333, 393, 102, 168, 175, 297, 228, 258, 341, 358, 363, 414, 424, 13, 229, 185, 260, 375, 397, 404, 412, 416, 431, 398, 305, 163, 396, 278, 330, 419, 439, 462, 467, 482]
Node 181 : [44, 46, 25, 63, 97, 120, 126, 160, 175, 124, 177, 30, 9, 114, 116, 77, 33, 155, 159, 74, 102, 137, 56, 110, 247, 173, 71, 118, 200, 229, 19, 112, 179, 148, 29, 266, 278, 265, 99, 295, 273, 121, 287, 296, 298, 303, 248, 313, 249, 275, 26, 81, 86, 65, 263, 149, 253, 318, 321, 13, 117, 141, 157, 109, 146, 240, 345, 369, 230, 235, 348, 349, 360, 153, 49, 342, 236, 357, 377, 140, 190, 424, 297, 305, 372, 386, 416, 420, 430, 104, 168, 336, 268, 213, 423, 203, 274, 332, 391, 396, 285, 330, 311, 447, 319, 442, 449, 463]
Node 185 : [97, 33, 141, 163, 140, 199, 117, 30, 146, 229, 224, 203, 9, 258, 272, 237, 71, 197, 220, 234, 285, 116, 155, 190, 107, 120, 29, 133, 250, 124, 44, 153, 267, 223, 263, 311, 318, 102, 168, 81, 77, 109, 292, 326, 86, 288, 13, 38, 252, 264, 273, 274, 334, 344, 357, 104, 19, 295, 206, 265, 313, 336, 337, 348, 353, 369, 75, 382, 46, 112, 294, 360, 391, 354, 268, 362, 303, 5, 403, 196, 201, 260, 415, 157, 340, 228, 156, 56, 249, 321, 383, 401, 409, 423, 424, 429, 118, 179, 248, 372, 210, 257, 297, 317, 386, 420, 453, 25, 83, 385, 149, 253, 287, 290, 416, 436, 441, 445, 447, 452, 458, 468, 482]
Node 190 : [140, 75, 146, 71, 120, 136, 102, 153, 168, 13, 107, 29, 86, 177, 220, 234, 133, 129, 268, 185, 285, 235, 311, 260, 357, 118, 19, 312, 121, 333, 238, 283, 271, 372, 290, 319, 181, 387, 263, 245, 117, 206, 229, 294, 295, 419, 432, 435, 429, 386, 440, 63, 141, 292, 162, 265, 420]
Node 194 : [114, 97, 5, 166, 197, 71, 162, 86, 83, 126, 153, 178, 44, 216, 228, 38, 150, 77, 19, 231, 238, 33, 217, 173, 260, 160, 29, 250, 263, 117, 248, 249, 255, 274, 275, 46, 118, 177, 134, 104, 253, 13, 49, 65, 112, 236, 121, 230, 266, 273, 9, 229, 307, 278, 333, 141, 146, 149, 342, 107, 179, 288, 313, 349, 157, 163, 287, 213, 337, 343, 354, 355, 379, 81, 381, 276, 303, 317, 369, 235, 271, 377, 155, 175, 282, 353, 318, 345, 351, 411, 363, 99, 199, 386, 391, 430, 452, 148, 319, 203, 223, 357, 382, 392, 413]
Node 196 : [170, 169, 118, 26, 109, 99, 146, 13, 157, 230, 86, 197, 215, 270, 286, 124, 9, 77, 328, 346, 179, 333, 229, 267, 334, 75, 19, 148, 185, 210, 258, 81, 97, 353, 344, 326, 402, 126, 250, 316, 44, 274, 362, 414, 175, 295, 474, 477]
Node 197 : [5, 71, 86, 97, 114, 166, 178, 194, 162, 228, 238, 38, 196, 230, 118, 146, 26, 109, 170, 215, 49, 169, 99, 185, 237, 258, 270, 272, 286, 9, 155, 157, 282, 116, 124, 160, 107, 77, 273, 319, 134, 179, 13, 260, 65, 328, 252, 346, 354, 355, 266, 381, 175, 382, 235, 383, 402, 229, 249, 409, 311, 33, 414, 411, 453, 433, 201, 333]
Node 199 : [30, 117, 33, 140, 185, 141, 206, 163, 126, 203, 97, 146, 120, 229, 224, 245, 223, 292, 263, 271, 320, 56, 153, 86, 156, 107, 133, 201, 295, 38, 302, 118, 270, 265, 362, 385, 410, 412, 304, 252, 301, 436, 194, 9, 137, 332, 19, 248, 296, 427, 429, 434, 446, 396, 382, 253, 451, 63, 148, 444, 360, 399, 435, 456, 472]
Node 200 : [162, 137, 121, 114, 116, 13, 56, 19, 29, 49, 83, 160, 97, 150, 5, 126, 148, 156, 118, 38, 74, 245, 181, 171, 110, 71, 102, 9, 75, 107, 237, 159, 228, 265, 248, 44, 140, 77, 247, 275, 30, 295, 63, 112, 210, 274, 287, 323, 213, 249, 175, 177, 303, 25, 153, 283, 304, 217, 33, 155, 273, 298, 379, 271, 124, 321, 351, 345, 377, 391, 168, 203, 401, 173, 120, 264, 424, 296, 389, 416, 46, 398, 230, 419]
Node 201 : [104, 33, 13, 129, 26, 156, 109, 25, 81, 294, 257, 340, 263, 224, 245, 206, 199, 203, 237, 292, 133, 271, 146, 223, 117, 354, 112, 162, 126, 185, 229, 249, 265, 317, 321, 436, 435, 120, 97, 30, 320, 141, 355, 319, 238, 166, 160, 197, 399, 429, 473]
Node 203 : [97, 199, 30, 33, 120, 206, 163, 224, 229, 185, 126, 117, 146, 77, 179, 251, 170, 264, 65, 150, 124, 26, 71, 25, 169, 38, 209, 245, 141, 166, 83, 140, 74, 263, 273, 81, 19, 86, 215, 272, 300, 213, 118, 29, 210, 109, 99, 13, 240, 5, 157, 201, 292, 380, 223, 177, 320, 56, 323, 385, 92, 200, 325, 228, 230, 160, 9, 247, 253, 286, 287, 298, 317, 319, 342, 421, 49, 162, 415, 404, 393, 63, 334, 351, 353, 400, 429, 318, 181, 110, 44, 382, 217, 231, 267, 302, 363, 424, 446, 137, 401, 194, 270, 456, 307, 396, 448, 453, 469]
Node 206 : [126, 199, 97, 141, 163, 140, 33, 120, 203, 146, 229, 224, 117, 271, 223, 245, 292, 112, 201, 185, 295, 5, 110, 150, 46, 134, 341, 236, 323, 65, 240, 265, 267, 294, 316, 342, 385, 179, 213, 358, 190, 330, 75, 133, 399, 210, 398, 30, 56, 270, 136, 389, 429, 107, 159, 414, 476, 345, 340, 260, 298, 401, 450, 473, 479]
Node 209 : [19, 86, 110, 56, 29, 63, 150, 169, 157, 124, 65, 25, 26, 223, 117, 170, 77, 74, 114, 129, 166, 97, 149, 38, 251, 179, 203, 71, 296, 224, 264, 134, 83, 49, 44, 168, 365, 238, 380, 267, 404, 33, 240, 325, 210, 405, 302, 317, 99, 283, 415, 5, 153, 295, 230, 213, 312, 321, 358, 379, 451, 452, 46, 178, 391, 248, 159, 377, 258]
Node 210 : [81, 107, 77, 29, 126, 173, 44, 13, 30, 97, 109, 124, 213, 148, 118, 75, 177, 49, 56, 217, 46, 175, 162, 271, 267, 110, 86, 236, 215, 250, 263, 273, 140, 245, 248, 270, 296, 300, 136, 200, 65, 265, 266, 258, 287, 274, 276, 312, 5, 25, 63, 112, 137, 326, 203, 223, 278, 156, 171, 133, 358, 334, 351, 362, 179, 325, 71, 169, 240, 247, 264, 272, 303, 316, 319, 330, 353, 375, 389, 393, 398, 404, 117, 196, 323, 83, 209, 405, 249, 302, 380, 399, 401, 92, 157, 121, 206, 313, 307, 318, 342, 120, 178, 185, 347, 251, 26, 286, 377, 379, 412, 456, 457, 114, 238, 150, 170, 337, 402, 446, 466, 469, 477, 479]
Node 213 : [173, 112, 166, 77, 5, 19, 118, 13, 107, 63, 215, 210, 86, 81, 109, 157, 44, 126, 104, 250, 30, 134, 177, 92, 29, 235, 230, 38, 263, 71, 288, 237, 46, 155, 150, 26, 116, 298, 121, 49, 273, 245, 249, 323, 102, 110, 171, 33, 74, 200, 149, 300, 228, 247, 137, 203, 296, 236, 266, 240, 297, 348, 351, 56, 159, 270, 271, 194, 337, 349, 358, 278, 217, 319, 363, 146, 206, 120, 318, 332, 413, 141, 168, 276, 357, 380, 430, 181, 153, 209, 303, 223, 389, 421, 451, 396, 272, 287, 369, 377, 379, 450, 457]
Node 215 : [63, 29, 77, 213, 5, 13, 19, 112, 173, 118, 197, 170, 86, 157, 146, 240, 196, 26, 210, 109, 81, 286, 9, 110, 270, 124, 169, 177, 99, 179, 300, 203, 30, 272, 328, 333, 230, 273, 175, 346, 229, 263, 380, 217, 231, 414, 178, 258, 389, 316, 402, 163, 464, 474]
Node 216 : [118, 194, 44, 83, 153, 231, 126, 275, 163, 255, 307, 162, 342, 129, 298, 251, 267, 268, 271, 371, 74, 140, 417, 426, 386, 471]
Node 217 : [124, 121, 56, 33, 175, 173, 46, 114, 102, 194, 133, 148, 75, 210, 160, 134, 155, 112, 63, 136, 137, 118, 258, 140, 171, 163, 228, 276, 74, 247, 312, 313, 316, 65, 265, 126, 179, 223, 249, 330, 97, 150, 5, 272, 263, 30, 271, 240, 200, 77, 270, 110, 275, 332, 345, 363, 273, 29, 213, 248, 298, 399, 377, 86, 319, 107, 389, 230, 264, 401, 177, 178, 215, 323, 109, 235, 303, 267, 304, 305, 342, 353, 379, 146, 231, 13, 203, 300, 337, 341, 358, 382, 153, 26, 394, 278, 220, 457, 224, 302, 380, 452, 466, 475, 479]
Node 220 : [140, 102, 146, 129, 177, 133, 168, 86, 190, 153, 13, 107, 136, 75, 185, 235, 92, 120, 26, 290, 268, 29, 163, 301, 311, 234, 224, 260, 285, 118, 71, 364, 336, 394, 420, 357, 372, 431, 264, 442, 217, 271, 229, 468]
Node 223 : [157, 26, 129, 86, 169, 170, 74, 124, 209, 117, 65, 44, 77, 110, 25, 114, 29, 19, 251, 56, 38, 71, 224, 163, 271, 206, 199, 112, 229, 97, 120, 141, 33, 185, 30, 264, 325, 146, 63, 217, 312, 316, 317, 270, 283, 296, 320, 136, 292, 75, 210, 178, 148, 134, 166, 263, 365, 380, 83, 149, 168, 201, 203, 140, 245, 265, 399, 400, 92, 179, 323, 162, 46, 126, 231, 294, 393, 347, 321, 342, 385, 278, 118, 396, 5, 213, 175, 367, 332, 341, 405, 441, 273, 173, 194, 258, 475]
Node 224 : [117, 163, 120, 141, 146, 203, 30, 185, 206, 97, 33, 126, 74, 63, 110, 44, 25, 149, 199, 223, 129, 251, 71, 229, 19, 271, 157, 169, 209, 296, 264, 240, 49, 65, 170, 150, 166, 263, 292, 320, 325, 134, 77, 283, 112, 301, 290, 234, 107, 220, 26, 347, 201, 124, 92, 178, 245, 267, 365, 295, 317, 148, 56, 265, 400, 162, 294, 393, 238, 114, 380, 358, 394, 385, 404, 431, 435, 99, 276, 173, 309, 288, 304, 230, 422, 425, 436, 140, 217, 237, 364, 407, 282, 481]
Node 228 : [162, 197, 194, 71, 5, 114, 178, 126, 97, 49, 248, 137, 150, 159, 160, 171, 26, 83, 229, 33, 38, 200, 249, 278, 175, 86, 266, 273, 283, 77, 217, 107, 121, 177, 46, 163, 120, 282, 319, 104, 263, 213, 230, 265, 295, 317, 321, 333, 65, 102, 134, 109, 240, 149, 25, 287, 318, 332, 117, 13, 157, 298, 337, 348, 112, 141, 156, 44, 288, 345, 360, 363, 379, 166, 203, 362, 236, 153, 349, 253, 297, 411, 168, 185, 304, 179, 343, 369, 395, 421, 173, 247, 19, 30, 425, 231, 338, 381, 396, 398, 401, 433, 434, 456, 75, 392, 235, 260, 276, 296, 357, 423, 446, 451, 484]
Node 229 : [140, 97, 163, 141, 117, 185, 203, 206, 33, 146, 199, 181, 126, 121, 77, 25, 118, 228, 49, 248, 238, 171, 224, 129, 148, 249, 245, 223, 137, 99, 234, 265, 273, 296, 112, 120, 29, 194, 297, 288, 305, 235, 240, 275, 292, 320, 175, 283, 30, 230, 75, 253, 336, 13, 170, 26, 9, 236, 278, 346, 150, 157, 71, 274, 286, 313, 337, 169, 196, 303, 271, 215, 5, 258, 294, 358, 392, 149, 162, 197, 201, 156, 328, 342, 345, 385, 413, 153, 190, 333, 263, 247, 396, 401, 425, 430, 179, 402, 295, 362, 429, 343, 391, 398, 447, 168, 102, 220, 367, 63, 264, 386, 414, 417, 458, 468]
Node 230 : [26, 109, 118, 13, 99, 157, 196, 169, 86, 197, 170, 134, 46, 250, 270, 126, 213, 177, 77, 124, 19, 65, 194, 236, 288, 297, 9, 146, 235, 71, 229, 179, 228, 286, 328, 141, 112, 215, 348, 253, 56, 149, 278, 263, 377, 181, 305, 275, 332, 345, 353, 401, 402, 97, 117, 153, 203, 217, 276, 273, 271, 283, 392, 148, 171, 63, 140, 258, 333, 337, 346, 351, 363, 369, 391, 121, 137, 160, 209, 224, 162, 75, 107, 282, 424, 264, 313, 316, 343, 364, 407, 414, 422, 116, 163, 200, 300, 302, 30, 319, 237, 287, 307, 323, 334, 421, 430, 431, 474]
Node 231 : [118, 153, 126, 44, 216, 194, 83, 255, 275, 307, 163, 238, 25, 380, 38, 168, 77, 393, 170, 400, 302, 223, 267, 63, 178, 86, 97, 110, 215, 19, 273, 300, 13, 177, 263, 74, 92, 217, 421, 157, 109, 228, 203, 272, 377, 386, 398, 102, 150, 166, 173, 311, 458, 120, 235, 107, 440, 81, 416, 264, 296, 317, 321, 323, 364, 365, 375, 441, 442, 457, 465, 468]
Node 234 : [107, 129, 168, 133, 190, 13, 29, 71, 153, 140, 102, 136, 235, 146, 177, 185, 120, 86, 163, 121, 229, 238, 305, 99, 49, 311, 26, 92, 301, 268, 285, 290, 220, 224, 362, 38, 97, 156, 260, 264, 160, 302, 252, 364, 372, 394, 19, 278, 334, 44, 124, 344, 402, 412, 420, 236, 336, 326, 353, 250, 274, 440, 109, 357, 118, 271, 295, 425, 427, 444, 148, 267, 273, 304, 417, 458, 468, 483]
Node 235 : [49, 134, 38, 71, 77, 5, 81, 86, 65, 75, 136, 120, 13, 99, 177, 234, 102, 149, 166, 97, 250, 253, 260, 92, 168, 213, 220, 268, 190, 238, 114, 140, 230, 153, 248, 229, 107, 29, 104, 141, 157, 160, 178, 112, 319, 264, 336, 109, 171, 179, 278, 313, 317, 118, 162, 357, 303, 318, 332, 354, 379, 121, 181, 197, 146, 44, 265, 33, 110, 249, 266, 364, 372, 381, 392, 395, 46, 401, 358, 282, 148, 194, 137, 273, 290, 343, 353, 217, 274, 275, 63, 416, 117, 287, 355, 425, 440, 150, 424, 285, 377, 423, 430, 433, 442, 159, 231, 301, 228, 163, 345, 431, 258, 298, 330, 349, 385, 449, 461, 476]
Node 236 : [38, 92, 104, 240, 159, 97, 81, 124, 148, 109, 44, 77, 126, 179, 250, 210, 253, 65, 149, 117, 290, 141, 194, 230, 86, 49, 288, 263, 146, 157, 118, 75, 238, 71, 309, 177, 303, 326, 336, 338, 173, 213, 248, 229, 334, 278, 337, 343, 134, 260, 274, 376, 5, 206, 107, 120, 19, 358, 257, 386, 110, 112, 150, 181, 228, 270, 300, 344, 353, 395, 397, 413, 234, 402, 313, 425, 140, 349, 393, 330, 357, 450, 13, 392, 449, 271, 297, 348, 459, 467, 477, 484]
Node 237 : [159, 71, 75, 9, 121, 177, 140, 102, 200, 46, 249, 49, 124, 137, 33, 30, 248, 116, 155, 185, 258, 197, 272, 271, 295, 213, 44, 99, 178, 247, 318, 321, 26, 273, 298, 81, 257, 13, 266, 252, 25, 129, 265, 332, 340, 109, 201, 294, 377, 133, 156, 104, 354, 382, 396, 120, 345, 383, 409, 416, 110, 296, 163, 63, 275, 403, 309, 169, 307, 317, 422, 173, 276, 253, 288, 224, 360, 230, 311, 481]
Node 238 : [38, 92, 104, 194, 197, 86, 240, 159, 162, 177, 178, 179, 118, 49, 257, 5, 121, 140, 229, 99, 282, 290, 235, 234, 129, 305, 309, 236, 163, 319, 13, 107, 338, 19, 65, 173, 312, 333, 303, 271, 283, 354, 134, 190, 166, 347, 168, 245, 300, 325, 365, 376, 114, 148, 149, 209, 231, 124, 307, 117, 248, 302, 320, 355, 380, 381, 387, 224, 404, 25, 393, 317, 411, 419, 296, 397, 432, 157, 56, 83, 260, 386, 459, 201, 210, 274, 63, 391, 264, 273, 321, 358, 400, 439, 441, 461]
Node 240 : [92, 104, 236, 238, 159, 177, 81, 257, 38, 140, 215, 263, 77, 29, 5, 44, 110, 157, 179, 19, 248, 290, 173, 25, 112, 99, 129, 224, 270, 296, 49, 74, 26, 229, 264, 13, 251, 297, 146, 97, 65, 325, 46, 109, 150, 213, 217, 228, 134, 141, 253, 288, 300, 307, 343, 30, 83, 170, 203, 309, 63, 245, 317, 320, 338, 107, 117, 169, 181, 206, 358, 120, 210, 336, 347, 375, 33, 114, 209, 260, 56, 369, 376, 386, 387, 392, 166, 276, 330, 380, 389, 395, 397, 405, 118, 302, 393, 439, 149, 178, 450, 365, 425, 247, 423, 459, 480]
Node 245 : [200, 160, 162, 26, 25, 9, 107, 121, 137, 140, 179, 155, 44, 46, 30, 56, 102, 171, 49, 75, 159, 178, 146, 117, 120, 97, 199, 249, 287, 141, 150, 229, 110, 271, 206, 203, 210, 148, 265, 114, 33, 163, 213, 71, 321, 126, 292, 295, 313, 323, 118, 83, 320, 360, 201, 224, 240, 238, 309, 257, 92, 247, 260, 266, 300, 303, 305, 332, 376, 223, 264, 338, 177, 65, 104, 99, 263, 385, 190, 401, 173, 74, 5, 253, 294, 397, 429, 153, 290, 386, 387, 393, 459, 367, 283, 421, 467, 473]
Node 247 : [9, 181, 33, 137, 116, 114, 156, 150, 38, 13, 44, 155, 163, 200, 49, 278, 171, 173, 160, 287, 112, 283, 273, 217, 303, 298, 237, 107, 296, 295, 56, 249, 162, 213, 266, 97, 178, 121, 177, 304, 351, 120, 159, 245, 71, 25, 379, 210, 148, 323, 391, 110, 26, 203, 124, 389, 46, 362, 332, 5, 229, 228, 65, 77, 290, 338, 401, 257, 309, 345, 439, 452, 459, 86, 271, 240, 74, 140, 397, 465]
Node 248 : [140, 13, 99, 107, 175, 29, 228, 148, 110, 150, 229, 126, 19, 194, 237, 74, 121, 162, 200, 240, 81, 149, 253, 271, 30, 114, 137, 141, 157, 210, 44, 46, 274, 283, 160, 181, 235, 297, 92, 309, 38, 177, 250, 321, 323, 104, 173, 134, 257, 287, 275, 303, 338, 49, 159, 236, 83, 265, 290, 351, 56, 102, 168, 249, 260, 296, 305, 342, 369, 376, 5, 109, 179, 238, 65, 217, 264, 349, 358, 397, 97, 360, 347, 343, 300, 320, 336, 357, 363, 75, 307, 112, 171, 185, 199, 386, 120, 266, 423, 439, 449, 86, 209, 434, 387, 462, 465]
Node 249 : [148, 44, 26, 9, 171, 102, 71, 77, 56, 38, 30, 237, 114, 140, 194, 228, 124, 118, 179, 150, 245, 229, 120, 278, 63, 19, 275, 75, 49, 271, 29, 137, 213, 265, 274, 160, 181, 247, 200, 33, 313, 217, 298, 156, 121, 46, 175, 83, 287, 323, 248, 163, 25, 116, 332, 168, 235, 283, 321, 197, 162, 210, 178, 282, 354, 260, 303, 381, 411, 110, 294, 201, 65, 185, 257, 266, 304, 379, 403, 433, 133, 317, 340, 345, 355, 451, 153, 320, 264, 367]
Node 250 : [65, 141, 134, 126, 109, 19, 77, 5, 177, 213, 124, 44, 263, 81, 194, 230, 46, 235, 236, 148, 253, 49, 97, 112, 210, 117, 75, 149, 157, 29, 288, 146, 185, 297, 248, 92, 267, 326, 334, 274, 344, 353, 13, 337, 369, 336, 86, 99, 333, 349, 395, 56, 348, 357, 392, 362, 234, 402, 196, 278, 104, 413, 71, 276, 150, 484]
Node 251 : [56, 63, 97, 29, 71, 150, 74, 65, 149, 203, 223, 169, 209, 77, 179, 224, 86, 170, 166, 117, 264, 25, 134, 110, 26, 19, 240, 124, 129, 157, 296, 283, 325, 99, 178, 342, 271, 267, 268, 216, 298, 347, 365, 162, 307, 148, 371, 375, 400, 83, 140, 358, 426, 210, 417, 114, 285, 470, 471]
Node 252 : [156, 107, 63, 56, 118, 133, 97, 153, 86, 304, 116, 318, 272, 273, 258, 302, 155, 160, 237, 197, 185, 9, 382, 234, 270, 301, 38, 120, 383, 311, 409, 410, 199, 49, 412, 427, 415, 26, 71, 453]
Node 253 : [44, 77, 71, 177, 149, 157, 250, 235, 29, 126, 92, 194, 236, 86, 248, 134, 5, 46, 65, 112, 117, 263, 99, 104, 49, 297, 288, 146, 141, 109, 229, 38, 13, 181, 240, 81, 349, 230, 337, 343, 369, 163, 351, 63, 30, 296, 137, 150, 228, 140, 203, 156, 273, 274, 305, 345, 357, 395, 413, 415, 171, 245, 178, 332, 118, 363, 321, 391, 416, 424, 159, 173, 348, 114, 237, 19, 330, 333, 412, 449, 199, 107, 185, 430, 313, 367, 382, 423, 425, 482]
Node 255 : [118, 44, 83, 231, 126, 194, 153, 275, 216, 163, 307, 271, 74, 403, 25, 294, 81, 33, 26, 104, 386, 436]
Node 257 : [92, 240, 179, 238, 159, 104, 177, 38, 140, 118, 81, 33, 156, 294, 248, 201, 13, 129, 290, 309, 237, 109, 26, 340, 245, 338, 271, 300, 320, 236, 173, 303, 354, 376, 403, 65, 133, 25, 387, 74, 110, 249, 439, 247, 185, 317, 5, 393]
Node 258 : [134, 148, 63, 75, 133, 9, 46, 136, 185, 237, 116, 217, 197, 155, 272, 276, 65, 210, 318, 252, 312, 273, 271, 330, 267, 270, 341, 358, 382, 286, 328, 118, 26, 13, 229, 316, 383, 49, 109, 169, 157, 140, 146, 196, 398, 120, 170, 230, 402, 179, 124, 71, 215, 337, 389, 19, 302, 380, 409, 453, 77, 81, 97, 137, 83, 223, 235, 5, 175, 209, 342, 414, 416, 448, 452, 474, 475]
Node 260 : [38, 86, 194, 114, 166, 49, 97, 160, 235, 5, 162, 178, 282, 71, 197, 13, 317, 319, 220, 133, 190, 285, 153, 355, 264, 245, 168, 75, 118, 234, 236, 248, 338, 266, 290, 311, 320, 364, 376, 381, 33, 92, 104, 134, 140, 120, 303, 271, 159, 357, 367, 65, 240, 249, 146, 185, 397, 420, 29, 102, 387, 354, 173, 411, 177, 179, 386, 440, 238, 372, 433, 439, 458, 459, 340, 30, 476, 206, 228, 287, 298, 379, 401]
Node 263 : [141, 250, 71, 77, 5, 92, 149, 194, 240, 29, 38, 65, 213, 210, 173, 118, 19, 30, 44, 177, 253, 110, 236, 49, 13, 270, 272, 297, 134, 224, 199, 117, 185, 112, 203, 228, 320, 107, 120, 126, 181, 217, 163, 140, 337, 201, 86, 223, 104, 292, 274, 343, 348, 230, 99, 109, 97, 323, 336, 215, 166, 295, 245, 273, 318, 385, 190, 229, 231, 265, 313, 333, 380, 429, 56, 436, 321, 392, 448, 457, 146, 288, 389, 395, 413, 473, 484]
Node 264 : [117, 114, 170, 203, 150, 124, 56, 65, 19, 26, 179, 251, 110, 86, 134, 224, 209, 49, 71, 240, 25, 29, 169, 223, 325, 74, 149, 178, 268, 140, 168, 235, 285, 171, 46, 296, 185, 311, 323, 351, 102, 137, 260, 116, 133, 77, 234, 307, 321, 357, 363, 372, 377, 379, 97, 118, 177, 248, 107, 345, 136, 146, 271, 353, 210, 245, 129, 278, 302, 336, 365, 405, 92, 217, 334, 375, 33, 153, 283, 200, 389, 338, 440, 220, 230, 404, 358, 364, 421, 434, 148, 238, 249, 229, 231, 416, 312, 386, 400, 442, 483]
Node 265 : [200, 110, 118, 148, 126, 30, 181, 44, 83, 75, 274, 275, 283, 295, 155, 173, 229, 278, 140, 107, 9, 33, 156, 210, 245, 102, 56, 71, 179, 175, 74, 249, 121, 271, 217, 228, 38, 273, 298, 153, 178, 248, 237, 77, 266, 13, 160, 360, 185, 49, 63, 25, 287, 379, 235, 292, 97, 206, 224, 223, 146, 120, 321, 401, 5, 112, 199, 336, 300, 345, 347, 351, 162, 263, 99, 201, 434, 435, 436, 171, 141, 190, 385, 320, 294, 318, 363, 391, 441]
Node 266 : [38, 25, 56, 163, 33, 162, 26, 278, 155, 171, 181, 156, 13, 86, 5, 228, 44, 49, 283, 114, 160, 140, 178, 77, 275, 194, 30, 166, 210, 107, 75, 175, 282, 287, 321, 153, 319, 121, 213, 237, 247, 265, 313, 354, 197, 245, 260, 274, 134, 317, 273, 381, 65, 235, 97, 351, 379, 396, 345, 355, 99, 347, 300, 249, 360, 296, 307, 332, 411, 433, 124, 248, 46, 421, 441, 451, 120, 336, 349, 362, 391, 452, 472]
Node 267 : [81, 148, 126, 44, 124, 109, 75, 210, 97, 77, 185, 250, 86, 56, 325, 29, 110, 317, 326, 65, 251, 296, 276, 136, 258, 216, 46, 268, 271, 342, 344, 365, 49, 63, 134, 162, 224, 341, 278, 312, 347, 371, 129, 166, 178, 209, 71, 206, 316, 283, 330, 133, 196, 231, 323, 298, 302, 393, 19, 217, 353, 399, 417, 25, 168, 203, 426, 334, 362, 140, 234, 285, 338, 479]
Node 268 : [107, 146, 136, 153, 13, 29, 86, 190, 133, 75, 235, 102, 129, 168, 71, 220, 120, 264, 234, 285, 290, 311, 162, 251, 267, 216, 298, 271, 342, 357, 371, 118, 185, 372, 140, 181, 440, 420, 417, 442, 386, 364, 426]
Node 270 : [86, 157, 146, 99, 196, 230, 109, 197, 9, 124, 170, 215, 110, 263, 210, 107, 29, 240, 286, 5, 63, 140, 118, 75, 312, 65, 134, 13, 223, 81, 133, 328, 179, 258, 272, 330, 346, 46, 77, 213, 217, 97, 153, 301, 362, 136, 175, 199, 120, 252, 38, 358, 302, 341, 236, 156, 399, 271, 402, 56, 178, 304, 333, 389, 398, 414, 427, 30, 206, 150, 295, 316, 444, 448, 450, 203, 412, 26, 323, 380, 415, 457]
Node 271 : [121, 210, 29, 74, 9, 25, 171, 163, 71, 33, 248, 237, 224, 273, 274, 177, 206, 223, 245, 249, 83, 162, 199, 148, 141, 99, 298, 117, 265, 303, 320, 110, 126, 153, 258, 133, 287, 323, 97, 136, 217, 238, 251, 268, 312, 333, 267, 342, 330, 283, 140, 173, 309, 319, 104, 129, 155, 159, 213, 257, 190, 216, 49, 292, 295, 362, 30, 112, 179, 200, 201, 229, 260, 264, 146, 118, 371, 376, 386, 387, 397, 398, 401, 19, 38, 44, 46, 230, 255, 194, 275, 278, 307, 338, 419, 175, 270, 399, 426, 432, 435, 234, 301, 431, 26, 290, 385, 425, 441, 220, 247, 394, 236, 92, 341, 285, 321, 416, 421, 445, 462, 471, 473]
Node 272 : [112, 5, 177, 63, 81, 173, 30, 77, 155, 185, 237, 9, 116, 258, 197, 110, 263, 273, 109, 252, 203, 215, 217, 270, 29, 19, 382, 210, 389, 118, 311, 323, 383, 120, 13, 318, 409, 146, 49, 231, 319, 213, 416, 457]
Node 273 : [118, 46, 75, 99, 30, 110, 71, 112, 114, 83, 210, 271, 228, 278, 19, 274, 77, 181, 247, 109, 229, 173, 5, 194, 38, 177, 171, 303, 213, 126, 197, 272, 295, 318, 321, 323, 9, 102, 116, 148, 203, 237, 252, 258, 265, 81, 155, 120, 185, 29, 168, 200, 266, 215, 33, 275, 345, 351, 217, 86, 337, 382, 389, 230, 63, 107, 253, 263, 383, 235, 300, 353, 156, 231, 296, 286, 363, 379, 49, 166, 283, 150, 311, 453, 25, 178, 223, 238, 121, 234, 415, 305, 409, 417]
Node 274 : [148, 75, 177, 121, 194, 126, 112, 97, 175, 74, 273, 265, 271, 171, 173, 26, 120, 179, 140, 5, 44, 248, 278, 77, 137, 29, 116, 200, 118, 249, 296, 210, 178, 9, 13, 159, 160, 153, 107, 185, 250, 109, 81, 334, 326, 344, 351, 353, 363, 229, 266, 56, 263, 104, 236, 146, 46, 288, 318, 362, 377, 19, 141, 336, 358, 276, 117, 149, 150, 124, 63, 345, 253, 416, 235, 234, 275, 196, 181, 313, 333, 342, 382, 392, 395, 402, 413, 155, 168, 238, 92, 99, 343, 451, 472]
Node 275 : [194, 44, 126, 216, 83, 153, 231, 255, 265, 200, 179, 249, 266, 74, 287, 9, 307, 137, 303, 229, 283, 163, 46, 56, 181, 248, 313, 19, 332, 171, 25, 99, 156, 342, 273, 217, 5, 75, 230, 305, 296, 391, 271, 118, 26, 235, 237, 274, 155, 321, 421, 102, 323, 382, 415, 482]
Node 276 : [63, 133, 75, 148, 136, 46, 140, 217, 258, 65, 173, 134, 288, 304, 210, 307, 99, 166, 282, 309, 312, 316, 330, 267, 341, 364, 358, 116, 179, 194, 348, 29, 274, 343, 157, 297, 333, 395, 13, 141, 230, 81, 86, 398, 369, 407, 213, 104, 240, 337, 422, 224, 237, 323, 425, 109, 19, 357, 399, 430, 250, 177, 71, 228, 56, 44, 301]
Node 278 : [44, 148, 228, 121, 33, 266, 162, 181, 247, 273, 249, 137, 118, 38, 265, 287, 97, 283, 126, 274, 140, 25, 120, 26, 99, 150, 5, 107, 298, 175, 46, 194, 110, 56, 19, 171, 318, 235, 229, 210, 114, 326, 236, 124, 267, 342, 134, 319, 282, 166, 332, 213, 230, 344, 71, 178, 109, 317, 264, 334, 351, 153, 160, 234, 362, 271, 313, 354, 381, 421, 77, 156, 305, 297, 63, 424, 402, 415, 416, 86, 223, 250, 433, 74, 323, 441, 217, 431, 411, 179, 434, 463]
Node 282 : [238, 13, 160, 97, 5, 162, 178, 260, 197, 71, 38, 86, 304, 288, 266, 228, 173, 99, 276, 166, 307, 49, 75, 309, 364, 278, 134, 107, 116, 235, 249, 33, 355, 381, 407, 194, 317, 65, 230, 169, 422, 114, 411, 224, 461, 481]
Node 283 : [228, 265, 266, 25, 116, 110, 13, 287, 137, 247, 278, 248, 9, 159, 38, 160, 175, 179, 275, 156, 162, 107, 303, 114, 229, 223, 56, 169, 251, 224, 150, 170, 296, 177, 200, 271, 238, 29, 19, 129, 319, 317, 321, 121, 190, 312, 157, 333, 375, 74, 153, 168, 178, 5, 249, 44, 26, 267, 347, 404, 155, 304, 230, 63, 134, 387, 419, 77, 83, 264, 173, 126, 298, 325, 400, 432, 92, 209, 273, 380, 307, 377, 102, 245, 49, 33, 358]
Node 285 : [86, 185, 13, 140, 75, 177, 29, 120, 168, 190, 153, 129, 133, 264, 234, 268, 146, 102, 136, 260, 220, 336, 118, 290, 311, 367, 364, 372, 107, 420, 235, 440, 458, 181, 271, 162, 251, 267, 371]
Node 286 : [197, 169, 215, 170, 146, 196, 157, 118, 9, 124, 26, 270, 86, 109, 13, 77, 99, 230, 179, 328, 346, 229, 258, 175, 402, 389, 110, 323, 203, 273, 300, 112, 19, 316, 414, 319, 210, 173, 163, 29, 380]
Node 287 : [49, 75, 9, 245, 283, 107, 46, 247, 275, 278, 13, 181, 137, 150, 97, 163, 171, 210, 200, 175, 266, 159, 323, 44, 114, 248, 295, 124, 140, 5, 321, 271, 26, 249, 228, 156, 63, 194, 155, 265, 298, 177, 332, 296, 353, 342, 121, 153, 116, 360, 110, 203, 401, 112, 33, 389, 363, 160, 235, 415, 38, 351, 391, 30, 168, 99, 382, 318, 334, 304, 162, 230, 260, 213, 185, 456, 451, 303, 434]
Node 288 : [213, 49, 29, 19, 236, 250, 230, 177, 92, 38, 99, 104, 149, 173, 229, 253, 276, 282, 81, 75, 307, 309, 117, 166, 297, 304, 333, 109, 112, 185, 240, 194, 13, 348, 349, 5, 364, 274, 150, 116, 228, 358, 77, 369, 392, 148, 146, 407, 46, 134, 330, 422, 159, 169, 224, 425, 237, 318, 263, 86, 367]
Node 290 : [159, 240, 236, 118, 238, 177, 179, 92, 163, 220, 140, 26, 301, 104, 173, 153, 234, 107, 268, 257, 338, 224, 248, 168, 309, 136, 133, 336, 260, 300, 367, 372, 86, 285, 29, 190, 357, 364, 386, 394, 235, 102, 420, 376, 129, 387, 431, 439, 440, 99, 245, 247, 271, 393, 38, 185, 459, 442, 458]
Node 292 : [120, 140, 30, 33, 117, 199, 163, 206, 224, 97, 229, 126, 141, 245, 320, 185, 223, 263, 203, 271, 201, 265, 294, 295, 112, 162, 435, 436, 56, 429, 190, 146, 385]
Node 294 : [129, 33, 109, 25, 104, 13, 81, 156, 26, 257, 201, 340, 237, 126, 112, 229, 185, 320, 292, 206, 354, 30, 133, 224, 223, 140, 146, 162, 249, 190, 245, 141, 295, 435, 429, 317, 436, 255, 265, 117]
Node 295 : [29, 265, 121, 97, 160, 237, 179, 13, 181, 200, 5, 102, 159, 163, 75, 273, 247, 171, 287, 245, 33, 137, 107, 120, 116, 228, 118, 175, 140, 112, 146, 320, 321, 168, 185, 206, 323, 199, 271, 224, 332, 292, 313, 141, 263, 30, 156, 117, 177, 377, 421, 126, 385, 190, 342, 294, 114, 46, 436, 209, 229, 38, 427, 270, 234, 415, 345, 363, 391, 435, 441, 446, 19, 334, 86, 196, 344, 362, 410, 412, 452, 473]
Node 296 : [86, 26, 19, 114, 129, 170, 209, 224, 181, 229, 240, 156, 110, 210, 49, 71, 74, 120, 137, 247, 274, 97, 134, 25, 124, 150, 251, 9, 283, 33, 223, 75, 178, 179, 313, 5, 213, 264, 267, 332, 321, 325, 248, 287, 153, 30, 375, 83, 253, 65, 275, 362, 400, 149, 171, 302, 63, 307, 159, 380, 391, 237, 238, 273, 365, 56, 140, 166, 266, 303, 396, 200, 162, 318, 199, 382, 405, 434, 446, 231, 228, 416, 379, 160, 451]
Node 297 : [38, 157, 134, 71, 5, 230, 149, 263, 177, 229, 248, 250, 253, 86, 240, 44, 46, 49, 288, 112, 333, 141, 213, 117, 13, 146, 65, 348, 349, 92, 148, 29, 56, 276, 99, 343, 228, 63, 121, 179, 278, 332, 181, 305, 313, 424, 150, 104, 185, 392, 77, 236, 431, 395, 430]
Node 298 : [213, 140, 49, 171, 181, 46, 30, 179, 247, 271, 63, 107, 38, 278, 110, 118, 13, 9, 155, 249, 237, 178, 26, 120, 313, 265, 56, 102, 162, 216, 268, 124, 251, 126, 129, 304, 342, 345, 360, 200, 228, 287, 25, 217, 74, 267, 203, 159, 371, 71, 321, 377, 417, 283, 416, 116, 391, 424, 426, 137, 44, 260, 206, 340, 330, 235, 412, 456, 471]
Node 300 : [5, 210, 77, 63, 173, 86, 109, 81, 19, 30, 110, 213, 215, 118, 112, 166, 203, 177, 240, 104, 245, 38, 290, 238, 309, 257, 140, 303, 338, 159, 376, 320, 337, 386, 99, 248, 273, 265, 351, 97, 336, 236, 360, 347, 380, 397, 231, 266, 286, 307, 393, 74, 178, 217, 319, 448, 457, 230, 13, 439, 387, 464, 467]
Node 301 : [26, 290, 92, 220, 97, 56, 156, 133, 163, 234, 63, 86, 302, 107, 160, 224, 118, 270, 38, 304, 252, 394, 362, 410, 199, 271, 427, 153, 235, 307, 364, 276, 166, 173, 412, 422, 481]
Node 302 : [107, 97, 86, 156, 118, 304, 153, 56, 133, 252, 301, 160, 63, 38, 199, 234, 270, 77, 238, 307, 19, 49, 264, 380, 44, 231, 296, 365, 405, 210, 404, 267, 410, 412, 148, 157, 209, 25, 400, 99, 317, 92, 347, 375, 415, 427, 149, 170, 319, 203, 71, 178, 323, 240, 146, 258, 26, 110, 230, 337, 5, 217, 325, 338]
Node 303 : [19, 181, 46, 75, 114, 179, 273, 121, 148, 247, 275, 271, 112, 77, 283, 63, 313, 74, 92, 104, 159, 177, 236, 248, 318, 321, 140, 173, 200, 238, 38, 309, 323, 171, 137, 235, 300, 118, 245, 305, 338, 376, 229, 260, 99, 210, 194, 257, 320, 397, 26, 65, 185, 351, 249, 217, 296, 175, 5, 107, 387, 421, 342, 434, 439, 213, 393, 382, 363, 424, 345, 445, 459, 25, 156, 287, 446, 367, 416, 153, 391]
Node 304 : [302, 107, 97, 156, 153, 173, 252, 276, 282, 307, 75, 99, 309, 56, 288, 133, 166, 71, 298, 155, 200, 247, 120, 362, 160, 332, 301, 38, 148, 318, 351, 124, 353, 118, 377, 116, 283, 121, 29, 137, 342, 30, 199, 228, 270, 412, 217, 249, 345, 407, 422, 86, 224, 287, 77, 126, 83, 9, 364, 410, 26, 415, 13, 391, 234, 379, 421]
Node 305 : [49, 234, 238, 129, 121, 229, 163, 99, 124, 19, 245, 303, 107, 248, 332, 377, 230, 275, 9, 75, 77, 38, 323, 313, 351, 360, 363, 379, 401, 126, 253, 46, 33, 321, 415, 63, 86, 137, 278, 297, 181, 168, 217, 156, 382, 412, 334, 342, 179, 273, 396, 417, 431, 463]
Node 307 : [126, 275, 118, 163, 83, 75, 99, 173, 216, 276, 304, 288, 44, 231, 194, 74, 110, 150, 255, 282, 325, 309, 240, 317, 264, 166, 251, 116, 238, 302, 375, 56, 38, 364, 178, 296, 148, 271, 97, 380, 334, 407, 153, 300, 351, 360, 248, 210, 266, 336, 347, 404, 422, 169, 237, 49, 283, 29, 301, 358, 230, 203, 114, 363, 481]
Node 309 : [238, 177, 179, 92, 104, 159, 248, 173, 288, 304, 75, 99, 236, 166, 257, 118, 276, 290, 303, 307, 282, 271, 338, 240, 245, 300, 364, 320, 116, 140, 376, 38, 386, 407, 65, 393, 422, 169, 224, 237, 74, 247, 397, 86, 478, 340, 385, 367, 153, 459]
Node 311 : [190, 220, 234, 75, 185, 136, 168, 133, 102, 268, 29, 264, 177, 153, 120, 336, 140, 260, 71, 357, 372, 285, 118, 252, 116, 272, 155, 383, 409, 420, 197, 382, 318, 9, 129, 146, 440, 273, 453, 181, 231, 86, 442, 237]
Node 312 : [210, 217, 270, 63, 65, 134, 136, 148, 223, 258, 75, 133, 276, 341, 19, 238, 271, 121, 333, 46, 319, 330, 358, 190, 267, 283, 316, 140, 387, 399, 179, 323, 432, 168, 393, 26, 71, 97, 209, 166, 325, 419, 157, 264, 110, 29]
Node 313 : [303, 102, 217, 5, 44, 83, 171, 323, 153, 162, 181, 249, 275, 298, 155, 124, 49, 173, 321, 296, 159, 56, 245, 77, 266, 194, 235, 71, 26, 342, 99, 185, 148, 118, 229, 379, 160, 295, 114, 137, 305, 74, 9, 112, 363, 396, 278, 110, 391, 401, 178, 377, 210, 297, 65, 318, 13, 149, 263, 236, 330, 357, 369, 392, 274, 177, 425, 126, 230, 348, 416, 423, 29, 46, 157, 440, 337, 430, 253, 141, 107, 456]
Node 316 : [217, 140, 65, 75, 46, 148, 223, 276, 136, 134, 133, 341, 63, 330, 312, 179, 267, 258, 358, 206, 210, 399, 13, 333, 328, 157, 124, 286, 118, 414, 196, 77, 270, 346, 86, 230, 26, 33, 215, 109, 163, 402, 97, 99, 466]
Node 317 : [114, 86, 38, 166, 169, 49, 157, 223, 260, 267, 13, 44, 319, 134, 228, 170, 77, 97, 307, 71, 235, 178, 283, 65, 83, 117, 266, 240, 224, 179, 150, 160, 162, 278, 380, 149, 194, 347, 107, 355, 74, 33, 238, 203, 365, 400, 209, 282, 302, 25, 109, 81, 26, 110, 201, 325, 354, 403, 404, 133, 237, 249, 340, 294, 257, 185, 104, 231, 349, 436]
Node 318 : [258, 9, 237, 273, 116, 185, 155, 252, 126, 56, 77, 303, 153, 278, 181, 178, 179, 228, 360, 160, 235, 49, 274, 74, 332, 351, 71, 137, 304, 342, 156, 124, 102, 382, 29, 263, 25, 369, 148, 159, 213, 337, 349, 383, 409, 177, 311, 313, 272, 210, 5, 194, 334, 413, 421, 203, 287, 296, 81, 288, 83, 358, 392, 430, 146, 171, 423, 449, 265, 345, 395, 434, 480, 484]
Node 319 : [160, 228, 162, 238, 178, 197, 38, 235, 266, 317, 134, 71, 114, 260, 5, 49, 97, 121, 283, 19, 312, 271, 333, 354, 278, 381, 65, 29, 213, 210, 337, 387, 190, 217, 63, 203, 177, 86, 323, 355, 419, 30, 146, 166, 389, 432, 107, 286, 302, 300, 380, 194, 201, 230, 272, 457, 181, 357, 367, 349, 372, 440, 469, 483]
Node 320 : [120, 224, 141, 271, 163, 229, 112, 117, 263, 292, 30, 199, 223, 140, 295, 245, 260, 177, 118, 309, 240, 257, 338, 92, 159, 173, 203, 294, 300, 376, 303, 238, 386, 397, 179, 99, 65, 248, 38, 385, 393, 429, 435, 201, 436, 74, 439, 153, 249, 265, 478, 340, 367]
Node 321 : [273, 248, 266, 29, 38, 237, 245, 287, 313, 178, 9, 30, 112, 303, 71, 83, 137, 228, 140, 296, 283, 126, 295, 97, 181, 102, 148, 264, 19, 177, 26, 200, 323, 171, 179, 360, 353, 265, 249, 33, 363, 13, 155, 298, 305, 99, 332, 377, 156, 117, 253, 201, 185, 223, 416, 421, 46, 56, 163, 263, 275, 393, 209, 74, 436, 342, 385, 434, 445, 452, 114, 162, 231, 400, 238, 63, 325, 271, 399, 435, 465]
Node 323 : [118, 38, 248, 287, 213, 273, 313, 137, 153, 200, 162, 63, 150, 71, 271, 160, 245, 303, 264, 30, 126, 33, 83, 249, 332, 168, 175, 295, 140, 65, 120, 173, 206, 247, 305, 321, 179, 133, 263, 81, 203, 360, 389, 391, 398, 399, 210, 223, 267, 286, 272, 75, 337, 319, 342, 353, 396, 171, 178, 217, 312, 13, 77, 148, 136, 163, 276, 302, 330, 278, 9, 362, 367, 377, 380, 401, 424, 230, 448, 86, 231, 275, 270, 452, 475, 479, 482]
Node 325 : [77, 223, 97, 56, 264, 117, 26, 65, 149, 224, 267, 240, 124, 178, 251, 129, 86, 179, 63, 83, 166, 296, 307, 150, 38, 157, 49, 99, 74, 19, 238, 134, 365, 347, 210, 168, 375, 29, 170, 380, 110, 203, 209, 148, 317, 334, 44, 283, 312, 114, 321, 302]
Node 326 : [77, 236, 185, 267, 250, 210, 109, 19, 81, 97, 278, 75, 274, 126, 344, 334, 353, 124, 44, 234, 196, 362, 148, 118]
Node 328 : [270, 124, 99, 230, 26, 196, 86, 169, 286, 109, 157, 197, 215, 13, 170, 9, 146, 179, 258, 77, 229, 118, 346, 316, 414, 175, 333, 402, 33]
Node 330 : [276, 75, 258, 217, 136, 134, 271, 316, 312, 270, 140, 133, 46, 341, 358, 267, 210, 398, 150, 126, 5, 399, 146, 336, 342, 392, 395, 65, 157, 206, 240, 81, 49, 112, 313, 149, 413, 288, 343, 348, 109, 141, 323, 253, 63, 104, 333, 236, 369, 440, 181, 298, 235, 476, 179, 345, 447, 475, 479]
Node 332 : [137, 74, 275, 9, 83, 114, 124, 175, 296, 323, 163, 159, 228, 237, 102, 25, 153, 171, 287, 295, 304, 235, 318, 305, 278, 245, 217, 249, 150, 168, 179, 342, 162, 97, 230, 401, 56, 118, 30, 391, 213, 321, 29, 396, 63, 247, 253, 297, 266, 424, 86, 345, 199, 223, 121, 181, 362, 421, 431, 71, 26, 338, 351, 360, 377, 382, 441]
Node 333 : [29, 228, 194, 288, 297, 92, 337, 238, 271, 312, 319, 19, 124, 170, 146, 49, 134, 13, 215, 343, 56, 81, 112, 190, 26, 157, 283, 77, 117, 169, 196, 109, 250, 276, 349, 387, 392, 395, 104, 141, 369, 179, 118, 413, 414, 419, 150, 229, 316, 328, 402, 230, 121, 263, 270, 348, 175, 274, 330, 9, 253, 432, 33, 393, 440, 447, 197, 346, 358, 449]
Node 334 : [124, 44, 250, 75, 81, 236, 274, 97, 126, 148, 185, 353, 326, 77, 210, 344, 19, 278, 362, 196, 234, 109, 169, 264, 307, 49, 114, 150, 325, 318, 347, 162, 13, 92, 74, 203, 404, 107, 137, 178, 287, 305, 267, 120, 170, 134, 360, 375, 377, 416, 171, 295, 389, 230, 421]
Node 336 : [104, 235, 229, 149, 112, 236, 337, 75, 311, 136, 133, 120, 13, 140, 29, 285, 290, 86, 168, 107, 102, 185, 358, 372, 220, 250, 274, 19, 240, 264, 92, 263, 56, 97, 99, 265, 300, 330, 360, 65, 347, 248, 49, 349, 367, 234, 71, 364, 307, 343, 357, 386, 146, 159, 181, 440, 447, 266, 351, 413, 129, 117, 348, 363, 449]
Node 337 : [333, 44, 157, 336, 19, 49, 126, 112, 148, 236, 263, 146, 77, 349, 253, 56, 250, 38, 185, 194, 228, 229, 213, 343, 369, 13, 109, 319, 300, 166, 273, 318, 323, 173, 150, 5, 380, 392, 177, 178, 99, 276, 71, 117, 230, 423, 159, 258, 86, 389, 217, 413, 448, 29, 302, 313, 447, 210, 30, 393, 403, 430, 484]
Node 338 : [236, 159, 238, 248, 290, 179, 92, 177, 309, 140, 104, 38, 118, 257, 260, 320, 240, 303, 300, 173, 245, 376, 397, 271, 387, 5, 9, 26, 83, 264, 345, 46, 379, 353, 74, 247, 25, 415, 228, 162, 124, 121, 382, 459, 148, 405, 267, 302, 178, 86, 19, 332, 400]
Node 340 : [25, 81, 109, 33, 129, 201, 257, 104, 237, 156, 294, 26, 13, 133, 354, 403, 185, 317, 249, 110, 153, 206, 260, 298, 309, 416, 367, 159, 478, 345, 320, 385, 393, 436, 476]
Node 341 : [316, 136, 140, 312, 63, 75, 46, 276, 358, 65, 258, 267, 330, 134, 133, 148, 206, 270, 398, 399, 342, 179, 223, 97, 217, 271, 475]
Node 342 : [153, 26, 71, 140, 163, 160, 13, 56, 118, 129, 162, 194, 216, 251, 268, 271, 275, 298, 267, 178, 137, 313, 351, 83, 278, 121, 248, 345, 371, 102, 287, 318, 332, 46, 179, 206, 134, 396, 398, 168, 181, 341, 330, 229, 65, 323, 304, 203, 399, 417, 421, 30, 173, 295, 210, 223, 303, 217, 382, 305, 25, 274, 321, 367, 379, 426, 148, 258, 120, 362, 389, 97, 441, 471, 475, 479]
Node 343 : [240, 236, 81, 146, 333, 149, 117, 5, 349, 56, 141, 19, 29, 194, 253, 148, 263, 337, 38, 348, 358, 65, 276, 297, 369, 99, 109, 248, 235, 13, 46, 150, 395, 336, 228, 330, 430, 77, 159, 229, 230, 413, 157, 357, 126, 274, 449, 112]
Node 344 : [274, 267, 148, 19, 250, 185, 326, 334, 75, 126, 124, 109, 278, 77, 234, 236, 362, 97, 353, 402, 196, 81, 295]
Node 345 : [77, 26, 155, 63, 298, 121, 118, 159, 162, 342, 75, 217, 13, 38, 30, 173, 49, 273, 102, 171, 181, 264, 46, 200, 228, 230, 377, 148, 74, 137, 266, 274, 265, 396, 120, 391, 229, 237, 253, 153, 389, 124, 338, 29, 304, 194, 351, 332, 107, 434, 83, 5, 25, 247, 295, 140, 401, 303, 249, 206, 235, 318, 340, 476, 416, 330, 398, 445]
Node 346 : [26, 229, 99, 196, 197, 286, 13, 270, 124, 157, 179, 109, 9, 118, 77, 215, 86, 402, 328, 170, 414, 175, 230, 316, 169, 333]
Node 347 : [129, 97, 99, 224, 19, 134, 166, 251, 365, 49, 238, 267, 149, 25, 325, 56, 74, 29, 169, 317, 86, 77, 110, 124, 240, 283, 400, 248, 336, 380, 351, 265, 300, 148, 223, 266, 334, 65, 302, 307, 63, 360, 210, 92, 83, 375, 405]
Node 348 : [46, 288, 148, 213, 81, 297, 117, 230, 49, 109, 185, 228, 349, 263, 343, 77, 276, 86, 56, 358, 181, 141, 392, 134, 250, 44, 150, 19, 330, 99, 333, 5, 29, 253, 146, 104, 313, 159, 395, 336, 425, 236, 449]
Node 349 : [86, 343, 194, 109, 253, 81, 297, 288, 337, 49, 148, 150, 348, 134, 141, 104, 213, 99, 46, 149, 181, 248, 177, 333, 117, 250, 228, 369, 146, 392, 77, 56, 29, 318, 336, 112, 19, 413, 358, 5, 71, 236, 357, 38, 97, 319, 266, 107, 235, 317, 461]
Node 351 : [247, 342, 274, 112, 213, 248, 13, 264, 156, 140, 273, 363, 210, 116, 318, 200, 253, 304, 266, 83, 160, 305, 110, 278, 379, 171, 300, 303, 347, 360, 99, 153, 265, 56, 391, 396, 421, 137, 287, 307, 345, 203, 230, 194, 97, 178, 401, 336, 332, 382, 389, 446, 441, 456]
Node 353 : [126, 250, 75, 81, 274, 77, 97, 334, 148, 19, 326, 185, 114, 99, 287, 124, 13, 264, 304, 321, 107, 160, 210, 230, 273, 235, 236, 323, 344, 44, 362, 194, 196, 234, 121, 360, 267, 217, 203, 338, 401, 109, 118, 153, 168, 140, 396, 71, 162, 30, 178, 367, 477]
Node 354 : [49, 65, 97, 266, 238, 319, 162, 197, 160, 13, 114, 178, 86, 194, 235, 381, 33, 38, 25, 294, 201, 237, 340, 129, 109, 257, 355, 81, 104, 156, 185, 249, 5, 278, 403, 260, 317, 134, 166, 26, 133, 411, 461]
Node 355 : [114, 97, 197, 134, 38, 160, 260, 178, 107, 162, 194, 5, 86, 166, 317, 238, 381, 354, 65, 266, 13, 33, 282, 319, 411, 49, 235, 433, 249, 201, 71]
Node 357 : [75, 13, 190, 129, 185, 107, 235, 268, 311, 140, 118, 29, 264, 146, 86, 120, 367, 136, 290, 168, 260, 253, 181, 250, 19, 149, 248, 49, 38, 420, 109, 336, 213, 313, 65, 112, 220, 364, 386, 423, 425, 5, 234, 349, 276, 150, 236, 343, 358, 442, 81, 102, 104, 319, 194, 228, 483]
Node 358 : [136, 63, 134, 341, 312, 133, 210, 276, 330, 71, 117, 258, 157, 336, 343, 177, 5, 213, 236, 240, 270, 274, 288, 316, 348, 107, 248, 229, 395, 126, 141, 150, 206, 235, 224, 99, 110, 92, 399, 398, 404, 29, 77, 114, 120, 148, 149, 168, 251, 349, 179, 146, 405, 430, 46, 166, 264, 318, 209, 357, 217, 389, 423, 450, 19, 283, 307, 333, 425, 238, 65, 413, 440, 479]
Node 360 : [46, 298, 74, 126, 245, 160, 140, 177, 265, 318, 99, 56, 116, 44, 363, 159, 173, 321, 305, 185, 287, 228, 323, 120, 181, 362, 379, 97, 248, 300, 336, 351, 71, 266, 307, 347, 353, 367, 334, 412, 156, 401, 456, 237, 199, 332, 33, 421]
Node 362 : [86, 156, 63, 97, 133, 234, 304, 150, 118, 274, 210, 160, 270, 175, 271, 38, 153, 360, 296, 109, 334, 110, 148, 126, 140, 185, 199, 228, 278, 301, 344, 353, 81, 44, 402, 410, 412, 56, 71, 173, 247, 250, 379, 19, 124, 367, 75, 229, 323, 326, 332, 196, 267, 415, 441, 342, 107, 266, 295, 121]
Node 363 : [116, 120, 110, 274, 112, 46, 126, 97, 99, 137, 351, 360, 264, 30, 83, 217, 102, 377, 321, 313, 213, 305, 173, 228, 5, 44, 118, 401, 248, 155, 163, 379, 162, 396, 56, 253, 287, 179, 230, 25, 273, 194, 303, 203, 295, 175, 74, 124, 382, 307, 336, 265]
Node 364 : [99, 173, 282, 276, 166, 288, 309, 75, 13, 260, 220, 102, 290, 307, 234, 235, 168, 71, 116, 285, 107, 29, 153, 336, 136, 120, 357, 407, 440, 304, 264, 140, 230, 420, 422, 169, 224, 268, 301, 231, 129, 386, 442, 481]
Node 365 : [251, 129, 166, 26, 114, 267, 29, 347, 49, 224, 325, 238, 134, 223, 110, 169, 209, 124, 25, 74, 83, 264, 380, 97, 170, 86, 405, 117, 302, 33, 317, 404, 63, 168, 296, 148, 150, 38, 65, 56, 240, 178, 231, 400, 470]
Node 367 : [120, 357, 168, 107, 75, 290, 153, 86, 140, 285, 260, 102, 13, 146, 29, 118, 336, 372, 71, 420, 177, 162, 9, 110, 83, 155, 137, 46, 360, 362, 386, 389, 223, 323, 5, 342, 171, 178, 148, 440, 424, 442, 173, 229, 245, 303, 309, 319, 340, 353, 44, 393, 478, 395, 249, 288, 253, 320, 392, 405, 447, 483, 484]
Node 369 : [248, 77, 253, 99, 250, 337, 29, 185, 13, 46, 81, 181, 343, 157, 177, 194, 288, 126, 146, 117, 392, 56, 109, 318, 333, 349, 276, 149, 5, 240, 395, 413, 150, 230, 134, 228, 19, 313, 71, 159, 65, 92, 330, 49, 440, 447, 104, 213, 423, 430, 449]
Node 371 : [129, 216, 342, 267, 268, 271, 251, 298, 417, 140, 426, 162, 285, 471]
Node 372 : [264, 136, 336, 133, 290, 311, 177, 190, 234, 120, 71, 146, 235, 107, 285, 367, 268, 13, 118, 181, 168, 220, 153, 75, 185, 129, 260, 102, 420, 319, 442, 140, 458, 483]
Node 375 : [99, 283, 296, 168, 157, 166, 170, 307, 325, 240, 77, 25, 65, 117, 210, 405, 124, 264, 251, 92, 74, 97, 33, 393, 71, 110, 302, 149, 44, 404, 400, 179, 148, 334, 380, 347, 19, 231, 38, 150, 56]
Node 376 : [303, 248, 238, 260, 38, 245, 92, 104, 236, 118, 300, 309, 320, 271, 338, 177, 257, 140, 179, 386, 397, 65, 159, 240, 74, 290, 173, 5, 387, 439, 459, 393]
Node 377 : [264, 237, 148, 75, 305, 363, 49, 163, 274, 137, 230, 345, 116, 13, 200, 304, 168, 63, 156, 379, 391, 217, 181, 30, 313, 298, 110, 295, 194, 321, 107, 421, 155, 99, 38, 323, 71, 401, 283, 231, 235, 334, 210, 178, 74, 451, 209, 118, 173, 332, 213, 150, 46, 482]
Node 379 : [313, 264, 29, 194, 200, 265, 235, 247, 156, 46, 377, 305, 351, 360, 19, 266, 228, 363, 177, 116, 102, 120, 74, 150, 25, 9, 338, 362, 26, 44, 121, 273, 217, 249, 160, 209, 210, 178, 124, 342, 424, 398, 296, 391, 213, 163, 49, 118, 304, 126, 30, 260, 421]
Node 380 : [63, 117, 223, 203, 170, 169, 149, 124, 178, 209, 231, 317, 325, 365, 238, 25, 302, 71, 56, 77, 224, 307, 347, 296, 215, 210, 300, 13, 337, 112, 389, 404, 148, 166, 81, 213, 263, 240, 177, 173, 92, 283, 319, 375, 258, 19, 400, 323, 150, 30, 286, 270, 217, 33, 448]
Node 381 : [319, 107, 354, 197, 266, 114, 260, 33, 166, 194, 355, 71, 13, 49, 235, 238, 5, 278, 282, 249, 160, 411, 228, 38, 134, 162, 178, 433]
Node 382 : [258, 9, 252, 272, 185, 197, 273, 237, 116, 318, 383, 155, 409, 311, 305, 342, 120, 163, 126, 137, 99, 401, 416, 71, 203, 287, 296, 303, 424, 363, 44, 274, 217, 338, 434, 451, 49, 199, 351, 194, 396, 275, 452, 332, 446, 253, 472]
Node 383 : [258, 382, 155, 197, 9, 252, 273, 272, 318, 116, 49, 311, 237, 120, 185, 409, 71, 453]
Node 385 : [146, 206, 117, 120, 203, 97, 141, 30, 163, 33, 229, 199, 245, 320, 263, 162, 295, 224, 223, 436, 140, 321, 271, 429, 435, 185, 265, 292, 309, 340, 393, 153, 49, 478, 126, 235, 433, 461]
Node 386 : [300, 118, 376, 173, 271, 320, 236, 290, 92, 240, 309, 99, 159, 74, 140, 71, 177, 367, 5, 357, 133, 181, 336, 387, 393, 420, 439, 440, 65, 120, 190, 248, 260, 231, 238, 194, 245, 83, 153, 185, 442, 459, 44, 268, 163, 216, 264, 255, 229, 364, 415]
Node 387 : [333, 312, 238, 271, 319, 121, 283, 257, 338, 240, 65, 159, 397, 5, 173, 177, 190, 260, 303, 386, 118, 38, 99, 104, 290, 393, 376, 419, 245, 74, 248, 300, 432]
Node 389 : [5, 210, 323, 81, 273, 272, 30, 13, 146, 86, 217, 286, 345, 97, 63, 380, 247, 148, 287, 264, 25, 240, 270, 319, 367, 200, 258, 337, 358, 140, 206, 150, 120, 19, 215, 213, 421, 448, 450, 456, 457, 334, 342, 351, 263, 107, 446, 482]
Node 391 : [377, 247, 74, 275, 121, 185, 323, 200, 313, 332, 345, 351, 49, 171, 155, 296, 56, 396, 401, 298, 230, 97, 287, 150, 253, 25, 148, 416, 19, 229, 295, 194, 71, 140, 181, 137, 452, 209, 238, 304, 379, 265, 434, 266, 107, 26, 303, 451]
Node 392 : [288, 235, 348, 112, 229, 38, 81, 369, 333, 349, 177, 13, 230, 337, 330, 240, 250, 86, 92, 313, 134, 157, 117, 395, 318, 263, 149, 126, 274, 297, 19, 228, 236, 430, 194, 77, 367, 141, 425, 440]
Node 393 : [210, 134, 83, 231, 71, 114, 44, 99, 400, 404, 33, 63, 224, 238, 375, 38, 148, 19, 267, 179, 97, 168, 203, 223, 387, 320, 49, 386, 92, 300, 309, 140, 74, 236, 290, 303, 312, 321, 333, 117, 240, 439, 173, 245, 430, 46, 397, 405, 440, 449, 459, 5, 149, 153, 257, 337, 367, 376, 385, 340, 462, 478, 480]
Node 394 : [290, 301, 234, 107, 163, 220, 26, 92, 224, 431, 217, 271, 425]
Node 395 : [235, 333, 141, 358, 109, 44, 250, 276, 236, 71, 330, 148, 49, 146, 253, 369, 343, 228, 240, 392, 5, 86, 134, 413, 13, 65, 104, 38, 348, 274, 92, 126, 367, 263, 318, 29, 77, 297]
Node 396 : [83, 173, 342, 237, 266, 313, 110, 118, 345, 71, 391, 29, 351, 74, 323, 363, 332, 137, 415, 229, 26, 159, 296, 178, 416, 75, 424, 30, 223, 181, 353, 9, 25, 77, 44, 228, 179, 199, 213, 382, 203, 171, 120, 305, 153]
Node 397 : [159, 177, 248, 271, 320, 303, 376, 338, 236, 260, 140, 387, 300, 65, 240, 5, 238, 173, 92, 245, 179, 393, 99, 309, 38, 247, 118, 86, 467]
Node 398 : [210, 341, 323, 342, 330, 271, 133, 63, 75, 148, 276, 258, 65, 136, 358, 140, 206, 270, 159, 416, 228, 231, 379, 229, 46, 77, 49, 401, 441, 445, 155, 168, 179, 200, 97, 173, 345, 114, 178, 415, 399, 472, 482]
Node 399 : [136, 323, 46, 312, 217, 316, 341, 223, 179, 330, 342, 358, 210, 148, 270, 75, 206, 271, 133, 140, 267, 134, 276, 65, 97, 120, 74, 201, 112, 398, 321, 199, 466]
Node 400 : [296, 49, 223, 124, 393, 347, 25, 224, 166, 231, 86, 170, 129, 251, 317, 148, 302, 203, 404, 405, 375, 283, 380, 71, 26, 29, 65, 321, 99, 365, 77, 264, 338, 238, 470]
Node 401 : [83, 265, 230, 163, 271, 305, 332, 235, 287, 313, 363, 13, 391, 155, 217, 116, 25, 210, 112, 153, 200, 245, 229, 353, 185, 19, 421, 382, 137, 247, 345, 360, 377, 398, 228, 177, 351, 323, 173, 415, 203, 206, 416, 260, 476, 456]
Node 402 : [346, 197, 175, 230, 157, 169, 99, 286, 77, 362, 344, 124, 234, 75, 236, 258, 270, 333, 196, 278, 97, 126, 26, 250, 44, 86, 229, 328, 146, 274, 13, 118, 414, 215, 316, 19, 210, 9]
Node 403 : [133, 340, 104, 26, 257, 25, 185, 109, 33, 13, 81, 354, 129, 110, 156, 317, 249, 237, 255, 166, 177, 146, 30, 337, 19, 5]
Node 404 : [210, 209, 83, 117, 283, 56, 169, 44, 393, 92, 124, 168, 238, 302, 365, 380, 99, 63, 129, 358, 203, 375, 400, 110, 224, 334, 148, 25, 307, 317, 77, 264, 26, 166, 179, 49, 38, 170, 65, 33, 134]
Node 405 : [365, 264, 110, 170, 178, 71, 97, 38, 375, 124, 157, 210, 302, 19, 209, 150, 29, 63, 33, 400, 358, 117, 149, 240, 166, 49, 168, 296, 148, 223, 393, 338, 112, 177, 347, 81, 367]
Node 407 : [309, 307, 282, 276, 288, 166, 364, 304, 169, 173, 75, 422, 116, 230, 224, 99, 481]
Node 409 : [311, 116, 197, 318, 252, 237, 382, 9, 49, 383, 120, 185, 71, 155, 272, 258, 453, 273]
Node 410 : [301, 199, 56, 252, 362, 133, 302, 160, 86, 107, 156, 412, 97, 38, 153, 415, 304, 427, 444, 295]
Node 411 : [238, 49, 33, 134, 162, 228, 355, 97, 13, 249, 86, 178, 381, 266, 260, 114, 194, 107, 38, 197, 433, 160, 278, 282, 354]
Node 412 : [234, 362, 107, 118, 160, 302, 199, 304, 410, 124, 49, 86, 252, 156, 120, 153, 305, 137, 168, 360, 427, 74, 210, 415, 179, 253, 270, 63, 99, 298, 5, 126, 295, 301]
Node 413 : [213, 369, 229, 253, 5, 157, 236, 333, 104, 330, 349, 134, 395, 109, 117, 318, 71, 250, 343, 274, 126, 112, 49, 337, 99, 77, 430, 336, 194, 358, 263, 177, 480]
Node 414 : [157, 146, 86, 9, 333, 346, 26, 328, 179, 316, 77, 270, 286, 175, 215, 197, 33, 402, 196, 99, 230, 124, 206, 170, 258, 109, 13, 229, 474]
Node 415 : [185, 175, 121, 305, 253, 162, 159, 102, 203, 287, 396, 156, 126, 56, 38, 302, 133, 278, 124, 427, 209, 252, 295, 338, 401, 410, 412, 362, 97, 86, 163, 63, 107, 25, 434, 446, 273, 304, 398, 386, 270, 153, 44, 118, 444, 275]
Node 416 : [237, 19, 274, 150, 177, 97, 175, 74, 126, 235, 298, 396, 421, 278, 382, 391, 181, 71, 253, 321, 398, 25, 179, 159, 313, 26, 163, 200, 334, 116, 178, 446, 231, 264, 296, 303, 340, 345, 401, 476, 272, 86, 271, 185, 258, 424, 445, 464]
Node 417 : [342, 129, 162, 298, 371, 267, 216, 268, 251, 426, 140, 305, 234, 121, 229, 273]
Node 419 : [19, 271, 283, 319, 238, 333, 190, 121, 387, 312, 432, 179, 159, 5, 421, 445, 126, 49, 200]
Node 420 : [140, 357, 260, 367, 311, 234, 120, 136, 290, 220, 285, 181, 386, 133, 177, 118, 146, 102, 268, 129, 364, 372, 185, 440, 442, 458, 13, 63, 190, 168, 468]
Node 421 : [155, 99, 351, 159, 295, 278, 203, 173, 342, 303, 377, 401, 416, 321, 25, 228, 148, 318, 160, 231, 126, 389, 332, 156, 213, 264, 107, 168, 266, 446, 171, 275, 419, 360, 271, 83, 304, 44, 75, 245, 379, 230, 334]
Node 422 : [304, 116, 276, 99, 288, 307, 309, 166, 173, 237, 282, 407, 224, 364, 169, 230, 75, 301]
Node 423 : [185, 337, 104, 112, 134, 117, 357, 177, 19, 146, 159, 181, 248, 235, 358, 150, 109, 148, 44, 313, 65, 318, 369, 228, 77, 126, 29, 240, 253]
Node 424 : [63, 86, 181, 278, 332, 396, 140, 179, 185, 159, 297, 298, 253, 200, 230, 235, 303, 367, 379, 382, 323, 148, 121, 203, 456, 137, 19, 118, 168, 74, 107, 416, 431, 463]
Node 425 : [149, 44, 357, 236, 229, 157, 235, 141, 148, 228, 276, 288, 313, 224, 26, 431, 234, 92, 271, 107, 56, 240, 348, 358, 394, 253, 392]
Node 426 : [140, 298, 162, 251, 271, 129, 216, 267, 371, 342, 417, 268, 471]
Node 427 : [302, 38, 107, 252, 133, 156, 415, 270, 86, 97, 295, 301, 410, 412, 199, 234, 153, 26, 444]
Node 429 : [245, 146, 263, 185, 30, 203, 141, 320, 162, 190, 229, 292, 294, 206, 112, 120, 199, 385, 436, 117, 97, 201, 435]
Node 430 : [99, 5, 177, 117, 343, 44, 358, 213, 181, 229, 393, 194, 104, 413, 126, 318, 276, 235, 449, 253, 313, 369, 392, 230, 297, 46, 19, 337, 65, 149, 484]
Node 431 : [220, 92, 224, 394, 107, 163, 290, 26, 271, 425, 86, 332, 179, 63, 121, 235, 278, 297, 424, 230, 305]
Node 432 : [190, 238, 312, 271, 283, 319, 121, 333, 419, 19, 387]
Node 433 : [249, 266, 355, 33, 134, 166, 5, 86, 49, 178, 278, 411, 260, 13, 228, 97, 114, 235, 65, 197, 381, 38, 385]
Node 434 : [25, 33, 173, 345, 303, 9, 29, 265, 382, 321, 102, 199, 296, 415, 264, 228, 56, 445, 171, 175, 248, 391, 177, 19, 148, 318, 287, 278, 140, 446]
Node 435 : [292, 320, 224, 271, 190, 117, 265, 33, 294, 126, 201, 295, 146, 385, 162, 163, 429, 97, 199, 321, 140, 473]
Node 436 : [112, 117, 199, 295, 265, 292, 385, 201, 263, 320, 321, 224, 141, 429, 163, 294, 156, 110, 317, 340, 126, 255, 185, 473]
Node 439 : [74, 140, 257, 386, 65, 290, 303, 159, 5, 177, 393, 240, 248, 376, 260, 247, 320, 300, 104, 99, 179, 173, 238, 459]
Node 440 : [264, 234, 235, 133, 364, 140, 386, 120, 290, 260, 268, 285, 311, 367, 420, 136, 92, 393, 333, 330, 336, 190, 369, 168, 447, 231, 313, 129, 319, 358, 149, 392, 13, 480]
Node 441 : [13, 398, 266, 102, 223, 9, 295, 278, 362, 271, 351, 342, 185, 265, 231, 332, 238, 5, 159, 472]
Node 442 : [367, 386, 357, 153, 420, 107, 29, 268, 220, 235, 129, 140, 290, 311, 372, 364, 118, 264, 181, 231]
Node 444 : [234, 410, 270, 86, 118, 97, 153, 107, 199, 415, 427, 133, 63, 156, 160]
Node 445 : [160, 118, 434, 303, 398, 9, 148, 321, 114, 419, 271, 345, 107, 153, 416, 178, 185, 38, 465, 482]
Node 446 : [203, 296, 421, 199, 295, 416, 5, 415, 126, 303, 351, 382, 434, 389, 63, 173, 210, 49, 33, 228, 171, 107, 452]
Node 447 : [134, 333, 38, 336, 369, 229, 19, 159, 440, 29, 181, 337, 109, 92, 185, 56, 367, 104, 330, 13]
Node 448 : [389, 300, 30, 337, 166, 263, 270, 177, 457, 323, 203, 112, 380, 118, 258, 13, 469]
Node 449 : [253, 29, 56, 99, 430, 148, 393, 109, 248, 236, 318, 343, 333, 235, 336, 369, 348, 181]
Node 450 : [236, 120, 270, 110, 107, 389, 358, 240, 213, 150, 206, 5]
Node 451 : [155, 249, 56, 382, 266, 377, 209, 137, 46, 213, 452, 75, 199, 287, 13, 156, 177, 228, 274, 296, 159, 391]
Node 452 : [321, 209, 118, 247, 391, 30, 451, 194, 63, 382, 217, 295, 140, 323, 446, 26, 258, 185, 266]
Node 453 : [120, 311, 258, 49, 273, 185, 9, 197, 409, 71, 383, 178, 203, 116, 13, 252, 173, 112, 469]
Node 456 : [30, 424, 389, 210, 360, 49, 228, 56, 155, 97, 75, 168, 173, 203, 287, 71, 401, 162, 199, 313, 351, 150, 298]
Node 457 : [300, 389, 210, 448, 263, 177, 110, 173, 166, 146, 217, 319, 231, 112, 213, 270, 272, 464]
Node 458 : [75, 168, 260, 285, 133, 107, 420, 63, 231, 290, 372, 136, 118, 13, 185, 229, 234]
Node 459 : [245, 338, 393, 260, 247, 376, 238, 386, 303, 290, 74, 309, 240, 236, 439, 118, 5, 159]
Node 461 : [385, 235, 282, 107, 354, 97, 238, 33, 349]
Node 462 : [74, 179, 177, 173, 393, 248, 65, 271, 38]
Node 463 : [305, 181, 278, 86, 63, 424]
Node 464 : [86, 300, 110, 457, 416, 107, 173, 215, 112]
Node 465 : [231, 321, 71, 247, 75, 140, 99, 248, 445]
Node 466 : [399, 133, 316, 217, 46, 210, 65]
Node 467 : [179, 99, 245, 38, 236, 300, 397]
Node 468 : [177, 153, 29, 231, 229, 220, 420, 185, 234]
Node 469 : [177, 203, 453, 110, 86, 210, 319, 448, 81]
Node 470 : [74, 71, 400, 63, 38, 251, 365, 49, 99, 29]
Node 471 : [298, 251, 426, 271, 371, 342, 140, 216]
Node 472 : [159, 137, 398, 13, 75, 274, 266, 382, 441, 199]
Node 473 : [436, 435, 201, 271, 245, 263, 206, 33, 295]
Node 474 : [215, 414, 109, 258, 230, 33, 13, 86, 196]
Node 475 : [223, 217, 342, 323, 341, 330, 134, 258]
Node 476 : [159, 206, 260, 330, 345, 401, 416, 235, 340]
Node 477 : [353, 196, 236, 148, 97, 210, 81]
Node 478 : [309, 320, 340, 367, 385, 153, 393]
Node 479 : [267, 210, 342, 206, 330, 358, 323, 134, 217]
Node 480 : [117, 109, 440, 13, 240, 413, 393, 65, 318, 157]
Node 481 : [307, 224, 407, 237, 282, 116, 301, 166, 364]
Node 482 : [377, 179, 398, 323, 253, 275, 389, 163, 445, 185]
Node 483 : [29, 118, 367, 357, 140, 319, 86, 234, 264, 372]
Node 484 : [318, 263, 337, 430, 19, 141, 228, 250, 367, 236]
